{
 "cells": [
  {
   "cell_type": "code",
   "execution_count": 25,
   "metadata": {
    "collapsed": false
   },
   "outputs": [],
   "source": [
    "\"\"\"\n",
    "Read input from the npy files.\n",
    "\n",
    "File name indicate:\n",
    "    1. protein_name\n",
    "    2. state\n",
    "    3. matrix\n",
    "    as defined in the parameters file.\n",
    "\n",
    "Each npy file is a dictionary with following structrure.\n",
    "{traj: {fr: calculated matrix table}}\n",
    "    \n",
    "Author:\n",
    "\n",
    "Ravi Kumar Verma\n",
    "\"\"\"\n",
    "\n",
    "\n",
    "\n",
    "\n",
    "import numpy as np\n",
    "import os, sys\n",
    "import glob\n",
    "from collections import OrderedDict\n",
    "\n",
    "user = os.path.expanduser('~')\n",
    "\n",
    "# append the path to directory, where parameters file is located to PYTHONPATH\n",
    "sys.path.append(user + '/PycharmProjects/Git-repo/protocols/PIA-GPCR/modular_pia_gpcr/unit_set/inputs/')\n",
    "\n",
    "# import the parameters file as parameters.\n",
    "import parameters_unit_test as parameters"
   ]
  },
  {
   "cell_type": "code",
   "execution_count": 26,
   "metadata": {
    "collapsed": false
   },
   "outputs": [
    {
     "name": "stdout",
     "output_type": "stream",
     "text": [
      "/home/rkverma/PycharmProjects/Git-repo/protocols/PIA-GPCR/modular_pia_gpcr/unit_set/gpcr_mdtraj/\n"
     ]
    }
   ],
   "source": [
    "print parameters.outdir"
   ]
  },
  {
   "cell_type": "code",
   "execution_count": 32,
   "metadata": {
    "collapsed": false
   },
   "outputs": [
    {
     "name": "stdout",
     "output_type": "stream",
     "text": [
      "partial angle d3fl.dop.1.na.charmm36 1 \n",
      "\n",
      "[[   0.          134.57972514   39.58941909  138.28532133   51.94458243\n",
      "   154.05032684  160.37340179   13.52826626  141.05165723   34.04824371\n",
      "   138.60806143   49.76527739  144.58388956]\n",
      " [ 134.57972514    0.          168.50583482   30.0334995   139.60741373\n",
      "    50.65819826   46.67742741  148.07355615   11.11579393  149.36137466\n",
      "    13.65235543  143.34382773   48.86102864]\n",
      " [  39.58941909  168.50583482    0.          161.02072614   30.35398222\n",
      "   140.012321    143.27758856   27.02270772  162.23551626   19.16194033\n",
      "   176.65823933   26.56428079  142.56824609]\n",
      " [ 138.28532133   30.0334995   161.02072614    0.          167.35951052\n",
      "    28.97612474   29.08128233  146.21549881   36.27945819  172.25618241\n",
      "    16.38474955  170.80032759   21.95088074]\n",
      " [  51.94458243  139.60741373   30.35398222  167.35951052    0.\n",
      "   146.63200374  144.08152915   45.73803393  131.91576012   18.7681526\n",
      "   152.71119995    3.78982267  156.85849082]\n",
      " [ 154.05032684   50.65819826  140.012321     28.97612474  146.63200374\n",
      "     0.            6.66303182  150.32336582   50.39719966  157.18019273\n",
      "    39.51569744  147.03020377   11.09760513]\n",
      " [ 160.37340179   46.67742741  143.27758856   29.08128233  144.08152915\n",
      "     6.66303182    0.          156.79976485   45.17735394  158.10651664\n",
      "    36.81047125  145.20371557   16.01336485]\n",
      " [  13.52826626  148.07355615   27.02270772  146.21549881   45.73803393\n",
      "   150.32336582  156.79976485    0.          154.28513509   26.97622657\n",
      "   150.71525475   42.7858759   144.32256652]\n",
      " [ 141.05165723   11.11579393  162.23551626   36.27945819  131.91576012\n",
      "    50.39719966   45.17735394  154.28513509    0.          145.5760565\n",
      "    20.96811385  135.70238968   51.3724892 ]\n",
      " [  34.04824371  149.36137466   19.16194033  172.25618241   18.7681526\n",
      "   157.18019273  158.10651664   26.97622657  145.5760565     0.\n",
      "   162.29482962   15.98740842  161.68501667]\n",
      " [ 138.60806143   13.65235543  176.65823933   16.38474955  152.71119995\n",
      "    39.51569744   36.81047125  150.71525475   20.96811385  162.29482962\n",
      "     0.          156.49773389   35.99747042]\n",
      " [  49.76527739  143.34382773   26.56428079  170.80032759    3.78982267\n",
      "   147.03020377  145.20371557   42.7858759   135.70238968   15.98740842\n",
      "   156.49773389    0.          156.5444114 ]\n",
      " [ 144.58388956   48.86102864  142.56824609   21.95088074  156.85849082\n",
      "    11.09760513   16.01336485  144.32256652   51.3724892   161.68501667\n",
      "    35.99747042  156.5444114     0.        ]] \n",
      "\n",
      "partial angle d3fl.dop.1.na.charmm36 2 \n",
      "\n",
      "[[   0.          125.10192242   43.54217592  140.16858207   53.3989995\n",
      "   162.5330393   174.48076137   19.87060148  135.48756657   31.38316537\n",
      "   136.62841306   46.96652883  153.94643967]\n",
      " [ 125.10192242    0.          165.63656798   31.02070772  138.48447599\n",
      "    57.9408499    54.7006867   144.03175073   11.19216483  144.61664715\n",
      "    16.25741605  136.12954971   60.91541094]\n",
      " [  43.54217592  165.63656798    0.          162.488807     31.24399685\n",
      "   135.93905573  137.68149163   27.0216405   168.04435992   21.02715571\n",
      "   177.53328219   31.7057313   133.40265132]\n",
      " [ 140.16858207   31.02070772  162.488807      0.          162.98716492\n",
      "    33.02569609   36.36654993  148.69523997   28.86961819  171.39236839\n",
      "    15.16094187  165.11289737   32.66305744]\n",
      " [  53.3989995   138.48447599   31.24399685  162.98716492    0.\n",
      "   138.32619318  131.09837772   48.09418281  136.80689957   23.24709013\n",
      "   151.18976166    7.43109897  142.50020375]\n",
      " [ 162.5330393    57.9408499   135.93905573   33.02569609  138.32619318\n",
      "     0.           12.0277864   149.7198503    49.8339686   155.06956865\n",
      "    42.8473237   145.6005359     8.59070885]\n",
      " [ 174.48076137   54.7006867   137.68149163   36.36654993  131.09837772\n",
      "    12.0277864     0.          158.409135     44.92537119  152.22624286\n",
      "    41.81257053  137.77882182   20.61653327]\n",
      " [  19.87060148  144.03175073   27.0216405   148.69523997   48.09418281\n",
      "   149.7198503   158.409135      0.          154.90796638   25.41349466\n",
      "   152.26947796   43.97090348  142.5649676 ]\n",
      " [ 135.48756657   11.19216483  168.04435992   28.86961819  136.80689957\n",
      "    49.8339686    44.92537119  154.90796638    0.          149.63333913\n",
      "    14.40768641  136.53804966   54.17966963]\n",
      " [  31.38316537  144.61664715   21.02715571  171.39236839   23.24709013\n",
      "   155.06956865  152.22624286   25.41349466  149.63333913    0.\n",
      "   160.78456552   18.55819088  154.14723357]\n",
      " [ 136.62841306   16.25741605  177.53328219   15.16094187  151.18976166\n",
      "    42.8473237    41.81257053  152.26947796   14.40768641  160.78456552\n",
      "     0.          150.7500614    44.97065876]\n",
      " [  46.96652883  136.12954971   31.7057313   165.11289737    7.43109897\n",
      "   145.6005359   137.77882182   43.97090348  136.53804966   18.55819088\n",
      "   150.7500614     0.          149.93016549]\n",
      " [ 153.94643967   60.91541094  133.40265132   32.66305744  142.50020375\n",
      "     8.59070885   20.61653327  142.5649676    54.17966963  154.14723357\n",
      "    44.97065876  149.93016549    0.        ]] \n",
      "\n",
      "partial distance d3fl.dop.1.na.charmm36 1 \n",
      "\n",
      "[[  0.          16.03846741  24.5387249   25.78636551  21.70563126\n",
      "   13.15915871  12.62361526  11.33544636  20.3019619   28.16382027\n",
      "   29.40639687  20.70237923  16.43018913]\n",
      " [ 16.03846741   0.           9.59519291  18.04606247  20.39655304\n",
      "   20.71590424  22.34488487  12.46102524  12.6312933   15.98829365\n",
      "   22.78931618  21.32055855  19.94905853]\n",
      " [ 24.5387249    9.59519291   0.          14.1580143   20.91038132\n",
      "   25.26827049  28.44087029  18.65371895  11.43392563   9.61202049\n",
      "   17.94056129  21.78056526  22.77235794]\n",
      " [ 25.78636551  18.04606247  14.1580143    0.           9.74205875\n",
      "   19.18650246  29.16777039  23.0788765   14.45454407  17.62157822\n",
      "   11.76527596  13.15612125  20.07658577]\n",
      " [ 21.70563126  20.39655304  20.91038132   9.74205875   0.          12.39168167\n",
      "   26.49100494  23.12402916  18.88420486  25.16083336  17.99939346\n",
      "   10.7942934   18.65713692]\n",
      " [ 13.15915871  20.71590424  25.26827049  19.18650246  12.39168167   0.\n",
      "   15.97395325  16.93227005  18.94787216  27.79900932  22.4195385\n",
      "   10.39232635  11.69009399]\n",
      " [ 12.62361526  22.34488487  28.44087029  29.16777039  26.49100494\n",
      "   15.97395325   0.          10.56547356  19.49352264  27.70853424\n",
      "   27.58471298  19.83963585  10.97007751]\n",
      " [ 11.33544636  12.46102524  18.65371895  23.0788765   23.12402916\n",
      "   16.93227005  10.56547356   0.          11.84269238  19.00202751\n",
      "   22.92866898  18.5663929   11.72113419]\n",
      " [ 20.3019619   12.6312933   11.43392563  14.45454407  18.88420486\n",
      "   18.94787216  19.49352264  11.84269238   0.           9.18107033\n",
      "   12.10358047  14.04585075  12.36185551]\n",
      " [ 28.16382027  15.98829365   9.61202049  17.62157822  25.16083336\n",
      "   27.79900932  27.70853424  19.00202751   9.18107033   0.          14.36614418\n",
      "   21.86904716  21.20382309]\n",
      " [ 29.40639687  22.78931618  17.94056129  11.76527596  17.99939346\n",
      "   22.4195385   27.58471298  22.92866898  12.10358047  14.36614418   0.\n",
      "   12.69563484  17.12811852]\n",
      " [ 20.70237923  21.32055855  21.78056526  13.15612125  10.7942934\n",
      "   10.39232635  19.83963585  18.5663929   14.04585075  21.86904716\n",
      "   12.69563484   0.           9.73178101]\n",
      " [ 16.43018913  19.94905853  22.77235794  20.07658577  18.65713692\n",
      "   11.69009399  10.97007751  11.72113419  12.36185551  21.20382309\n",
      "   17.12811852   9.73178101   0.        ]] \n",
      "\n",
      "partial distance d3fl.dop.1.na.charmm36 2 \n",
      "\n",
      "[[  0.          16.04250717  24.12740326  25.00515938  21.7374115\n",
      "   12.60035324  12.34150314  11.81179428  20.63529396  28.26037598\n",
      "   28.85139275  20.56025314  15.74764729]\n",
      " [ 16.04250717   0.           9.31206131  17.25835228  20.32149887\n",
      "   20.47180939  21.75290298  11.90211201  12.71317101  15.85608387\n",
      "   22.5881691   21.51668167  19.59259033]\n",
      " [ 24.12740326   9.31206131   0.          12.86191273  19.95921516\n",
      "   24.60941505  27.96881676  18.15024948  11.38463688   9.87005329\n",
      "   17.95601463  21.66323662  22.57581329]\n",
      " [ 25.00515938  17.25835228  12.86191273   0.           9.65124893\n",
      "   18.89748383  28.52697563  22.16168785  13.45070934  16.45431137\n",
      "   11.28414154  13.00841331  19.64865112]\n",
      " [ 21.7374115   20.32149887  19.95921516   9.65124893   0.          12.97069359\n",
      "   27.1002388   23.49188423  18.99098969  24.75080872  17.57653427\n",
      "   10.99749184  19.10400009]\n",
      " [ 12.60035324  20.47180939  24.60941505  18.89748383  12.97069359   0.\n",
      "   16.19058228  17.19841576  19.12825394  27.68453598  21.9353199\n",
      "   10.3805809   11.41593075]\n",
      " [ 12.34150314  21.75290298  27.96881676  28.52697563  27.1002388\n",
      "   16.19058228   0.          10.61577702  19.6937561   27.72258949\n",
      "   27.34946632  20.4253521   10.83943272]\n",
      " [ 11.81179428  11.90211201  18.15024948  22.16168785  23.49188423\n",
      "   17.19841576  10.61577702   0.          11.98956585  18.81562233\n",
      "   22.61472893  19.16721725  11.76572323]\n",
      " [ 20.63529396  12.71317101  11.38463688  13.45070934  18.99098969\n",
      "   19.12825394  19.6937561   11.98956585   0.           8.97545242\n",
      "   11.71972847  14.54286098  12.74346542]\n",
      " [ 28.26037598  15.85608387   9.87005329  16.45431137  24.75080872\n",
      "   27.68453598  27.72258949  18.81562233   8.97545242   0.          14.45741367\n",
      "   22.17961693  21.53562927]\n",
      " [ 28.85139275  22.5881691   17.95601463  11.28414154  17.57653427\n",
      "   21.9353199   27.34946632  22.61472893  11.71972847  14.45741367   0.\n",
      "   12.4040556   17.1121006 ]\n",
      " [ 20.56025314  21.51668167  21.66323662  13.00841331  10.99749184\n",
      "   10.3805809   20.4253521   19.16721725  14.54286098  22.17961693\n",
      "   12.4040556    0.          10.2994957 ]\n",
      " [ 15.74764729  19.59259033  22.57581329  19.64865112  19.10400009\n",
      "   11.41593075  10.83943272  11.76572323  12.74346542  21.53562927\n",
      "   17.1121006   10.2994957    0.        ]] \n",
      "\n",
      "partial carbon d3fl.dop.1.na.charmm36 1 \n",
      "\n",
      "[[  0.           4.98265171   6.11139965 ...,   9.21478367  12.98940182\n",
      "   11.75939178]\n",
      " [  4.98265171   0.           3.80965161 ...,  12.92498112  17.17405891\n",
      "   16.41689491]\n",
      " [  6.11139965   3.80965161   0.         ...,  11.75629616  16.7646389\n",
      "   15.90611744]\n",
      " ..., \n",
      " [  9.21478367  12.92498112  11.75629616 ...,   0.           5.52419662\n",
      "    5.44195461]\n",
      " [ 12.98940182  17.17405891  16.7646389  ...,   5.52419662   0.\n",
      "    3.86814189]\n",
      " [ 11.75939178  16.41689491  15.90611744 ...,   5.44195461   3.86814189\n",
      "    0.        ]] \n",
      "\n",
      "partial carbon d3fl.dop.1.na.charmm36 2 \n",
      "\n",
      "[[  0.           4.97575474   6.76267338 ...,   9.03897953  12.44233608\n",
      "   10.78114605]\n",
      " [  4.97575474   0.           3.80399132 ...,  12.25770378  16.42477036\n",
      "   15.25542831]\n",
      " [  6.76267338   3.80399132   0.         ...,  11.28427219  16.26994514\n",
      "   15.19904804]\n",
      " ..., \n",
      " [  9.03897953  12.25770378  11.28427219 ...,   0.           5.54937887\n",
      "    5.34231806]\n",
      " [ 12.44233608  16.42477036  16.26994514 ...,   5.54937887   0.\n",
      "    3.76455402]\n",
      " [ 10.78114605  15.25542831  15.19904804 ...,   5.34231806   3.76455402\n",
      "    0.        ]] \n",
      "\n",
      "partial chi1 d3fl.dop.1.na.charmm36 1 \n",
      "\n",
      "[[ 190.10942078  279.15000153  291.2161026   178.14605713  180.18385315\n",
      "   161.3949585   193.85137939  174.70605469  164.27134705  319.18548965\n",
      "   200.44659424  267.52236176  309.8659935   187.06538391  167.66539001\n",
      "    68.8210144   291.16560364  288.12465668  197.78683472  214.18830872\n",
      "   298.41192245  178.36460876  277.30672455  193.68936157  177.09912109\n",
      "   288.14473724   57.69512939  318.96667099  204.29319763  173.37060547\n",
      "   289.08428192  172.34562683    0.          310.89111328]] \n",
      "\n",
      "partial chi1 d3fl.dop.1.na.charmm36 2 \n",
      "\n",
      "[[ 199.28164673  280.4157486   285.19850159  172.3625946   164.43579102\n",
      "   148.26933289  196.96534729  179.55770874  197.31265259  304.75291061\n",
      "   200.95495605  304.22187805  305.22749329  190.6374054   178.72746277\n",
      "    60.38164902  308.53886414  284.69580078  183.46868896  198.7771759\n",
      "   290.92503357  171.53926086  282.62069702  204.84545898  173.1776123\n",
      "   300.60112      66.22818756  330.27485085  179.72972107  183.97470093\n",
      "   297.8446312   180.27496338    0.          303.10321426]] \n",
      "\n",
      "inactive angle d3fl.etq.1.na.charmm36 1 \n",
      "\n",
      "[[   0.          129.14901441   37.86954672  138.85228168   52.16686752\n",
      "   161.74371532  165.66525477   21.35595248  134.51787095   36.45470036\n",
      "   144.4076297    40.34894979  151.89216465]\n",
      " [ 129.14901441    0.          159.96103595   21.4308233   126.14694137\n",
      "    47.18381081   46.48685489  150.50092342   10.46756714  142.21605422\n",
      "    19.76493504  137.52379622   47.32617244]\n",
      " [  37.86954672  159.96103595    0.          175.56331903   36.39492595\n",
      "   151.24956679  150.87882412   19.33104045  156.28439976   18.09091544\n",
      "   176.92050494   23.32983275  152.58470485]\n",
      " [ 138.85228168   21.4308233   175.56331903    0.          146.7706156\n",
      "    30.28528418   31.23039111  156.47022188   26.72900275  163.51934594\n",
      "     7.51324309  158.94579663   27.4120746 ]\n",
      " [  52.16686752  126.14694137   36.39492595  146.7706156     0.\n",
      "   146.08941352  142.1171804    47.88293189  120.06270448   20.21724383\n",
      "   141.39554359   14.36577979  155.94096419]\n",
      " [ 161.74371532   47.18381081  151.24956679   30.28528418  146.08941352\n",
      "     0.            4.10369846  157.48106256   46.07692401  160.10068599\n",
      "    27.84656513  157.29927025    9.85157372]\n",
      " [ 165.66525477   46.48685489  150.87882412   31.23039111  142.1171804\n",
      "     4.10369846    0.          160.00380659   44.39676577  157.20345635\n",
      "    27.78551349  153.82487596   13.85037115]\n",
      " [  21.35595248  150.50092342   19.33104045  156.47022188   47.88293189\n",
      "   157.48106256  160.00380659    0.          154.95924744   27.81777418\n",
      "   163.5806947    33.55461911  151.74226932]\n",
      " [ 134.51787095   10.46756714  156.28439976   26.72900275  120.06270448\n",
      "    46.07692401   44.39676577  154.95924744    0.          138.40627032\n",
      "    22.0419596   132.98185703   48.63836106]\n",
      " [  36.45470036  142.21605422   18.09091544  163.51934594   20.21724383\n",
      "   160.10068599  157.20345635   27.81777418  138.40627032    0.\n",
      "   160.43651274    5.88183277  167.15229624]\n",
      " [ 144.4076297    19.76493504  176.92050494    7.51324309  141.39554359\n",
      "    27.84656513   27.78551349  163.5806947    22.0419596   160.43651274\n",
      "     0.          154.90379996   27.63038282]\n",
      " [  40.34894979  137.52379622   23.32983275  158.94579663   14.36577979\n",
      "   157.29927025  153.82487596   33.55461911  132.98185703    5.88183277\n",
      "   154.90379996    0.          166.23251564]\n",
      " [ 151.89216465   47.32617244  152.58470485   27.4120746   155.94096419\n",
      "     9.85157372   13.85037115  151.74226932   48.63836106  167.15229624\n",
      "    27.63038282  166.23251564    0.        ]] \n",
      "\n",
      "inactive angle d3fl.etq.1.na.charmm36 2 \n",
      "\n",
      "[[   0.          125.0425954    39.49075701  137.90244825   47.97114037\n",
      "   166.68274805  172.29482763   25.46120011  132.99525786   32.54939968\n",
      "   142.15822984   42.02344921  157.79283338]\n",
      " [ 125.0425954     0.          160.50384474   21.29772512  120.97142016\n",
      "    50.42269676   51.48567568  150.16694083    8.17870159  135.45826505\n",
      "    26.43267499  136.43785078   51.10954399]\n",
      " [  39.49075701  160.50384474    0.          175.0133522    41.9441712\n",
      "   147.88123168  145.66478066   18.73385822  165.12618892   25.388392\n",
      "   172.3467234    26.34165589  148.27827058]\n",
      " [ 137.90244825   21.29772512  175.0133522     0.          141.64390293\n",
      "    33.3008366    36.26315795  156.7619256    18.35643222  156.62021284\n",
      "     5.51405739  157.30122368   31.4361369 ]\n",
      " [  47.97114037  120.97142016   41.9441712   141.64390293    0.\n",
      "   144.95898989  139.35282526   50.78369274  123.36325679   19.54217696\n",
      "   145.68615915   15.66318617  154.04988971]\n",
      " [ 166.68274805   50.42269676  147.88123168   33.3008366   144.95898989\n",
      "     0.            5.67350474  155.21029787   43.36759287  160.6199443\n",
      "    28.21328311  151.09752678    9.09105009]\n",
      " [ 172.29482763   51.48567568  145.66478066   36.26315795  139.35282526\n",
      "     5.67350474    0.          156.38286376   43.94213472  155.1498507\n",
      "    31.56329112  145.66320971   14.72013342]\n",
      " [  25.46120011  150.16694083   18.73385822  156.7619256    50.78369274\n",
      "   155.21029787  156.38286376    0.          158.27723039   31.261045\n",
      "   157.98955648   37.34898044  150.02052889]\n",
      " [ 132.99525786    8.17870159  165.12618892   18.35643222  123.36325679\n",
      "    43.36759287   43.94213472  158.27723039    0.          139.86487088\n",
      "    22.49917417  139.02311837   45.09320601]\n",
      " [  32.54939968  135.45826505   25.388392    156.62021284   19.54217696\n",
      "   160.6199443   155.1498507    31.261045    139.86487088    0.\n",
      "   161.8909059     9.52666675  168.0722954 ]\n",
      " [ 142.15822984   26.43267499  172.3467234     5.51405739  145.68615915\n",
      "    28.21328311   31.56329112  157.98955648   22.49917417  161.8909059\n",
      "     0.          161.24181936   25.94058035]\n",
      " [  42.02344921  136.43785078   26.34165589  157.30122368   15.66318617\n",
      "   151.09752678  145.66320971   37.34898044  139.02311837    9.52666675\n",
      "   161.24181936    0.          158.80572311]\n",
      " [ 157.79283338   51.10954399  148.27827058   31.4361369   154.04988971\n",
      "     9.09105009   14.72013342  150.02052889   45.09320601  168.0722954\n",
      "    25.94058035  158.80572311    0.        ]] \n",
      "\n",
      "inactive distance d3fl.etq.1.na.charmm36 1 \n",
      "\n",
      "[[  0.          15.50279808  23.96295929  25.23464394  23.98869133\n",
      "   13.64555264  12.65869141  11.3420229   20.48887253  27.93319893\n",
      "   29.7312851   21.47702408  16.36449051]\n",
      " [ 15.50279808   0.           9.36924267  16.42138481  21.4662323\n",
      "   20.2975235   22.4029541   12.89278603  12.84214401  16.12619209\n",
      "   22.17257881  20.87316895  19.73353958]\n",
      " [ 23.96295929   9.36924267   0.          12.20080376  21.08444214\n",
      "   24.75573158  28.4369545   18.89471626  11.59394169  10.30205822\n",
      "   16.96949387  20.95509529  22.65345764]\n",
      " [ 25.23464394  16.42138481  12.20080376   0.          10.35596752\n",
      "   19.26751709  28.64491844  22.52588081  13.95702171  17.05482101\n",
      "   11.73869514  12.80170345  19.81382751]\n",
      " [ 23.98869133  21.4662323   21.08444214  10.35596752   0.          13.92097759\n",
      "   27.86382675  25.13760185  20.33764267  26.19207954  18.2733326\n",
      "   10.7066555   19.53848457]\n",
      " [ 13.64555264  20.2975235   24.75573158  19.26751709  13.92097759   0.\n",
      "   15.67970467  17.20714188  19.39943695  28.05936432  23.18436813\n",
      "   10.95628643  11.27003956]\n",
      " [ 12.65869141  22.4029541   28.4369545   28.64491844  27.86382675\n",
      "   15.67970467   0.          10.62664032  19.72118378  27.86701584\n",
      "   28.0558548   20.40405846  10.78400993]\n",
      " [ 11.3420229   12.89278603  18.89471626  22.52588081  25.13760185\n",
      "   17.20714188  10.62664032   0.          12.02588558  18.95448303\n",
      "   23.05179977  19.16679764  11.7898531 ]\n",
      " [ 20.48887253  12.84214401  11.59394169  13.95702171  20.33764267\n",
      "   19.39943695  19.72118378  12.02588558   0.           9.03327465\n",
      "   11.82932758  14.34492207  12.78889275]\n",
      " [ 27.93319893  16.12619209  10.30205822  17.05482101  26.19207954\n",
      "   28.05936432  27.86701584  18.95448303   9.03327465   0.          13.81132793\n",
      "   21.94973755  21.63941574]\n",
      " [ 29.7312851   22.17257881  16.96949387  11.73869514  18.2733326\n",
      "   23.18436813  28.0558548   23.05179977  11.82932758  13.81132793   0.\n",
      "   13.10069084  17.9814682 ]\n",
      " [ 21.47702408  20.87316895  20.95509529  12.80170345  10.7066555\n",
      "   10.95628643  20.40405846  19.16679764  14.34492207  21.94973755\n",
      "   13.10069084   0.          10.27186298]\n",
      " [ 16.36449051  19.73353958  22.65345764  19.81382751  19.53848457\n",
      "   11.27003956  10.78400993  11.7898531   12.78889275  21.63941574\n",
      "   17.9814682   10.27186298   0.        ]] \n",
      "\n",
      "inactive distance d3fl.etq.1.na.charmm36 2 \n",
      "\n",
      "[[  0.          15.25917053  23.66040039  25.23475266  23.23334694\n",
      "   12.64062214  12.96458054  11.24506187  19.83460426  27.51152229\n",
      "   29.54574394  20.5758152   16.0165062 ]\n",
      " [ 15.25917053   0.           9.40725803  17.01906204  21.06729889\n",
      "   20.21854973  22.32872009  12.60156345  12.48458862  15.96705627\n",
      "   22.6234417   20.62043953  19.7121315 ]\n",
      " [ 23.66040039   9.40725803   0.          12.46559334  20.5457058\n",
      "   24.83362579  28.45390892  18.81697655  11.48581028  10.23373508\n",
      "   17.48935509  20.82474899  22.75726318]\n",
      " [ 25.23475266  17.01906204  12.46559334   0.          10.19965935\n",
      "   19.95309448  29.12132454  22.84168434  13.74090958  16.64216232\n",
      "   11.44219971  12.78256989  20.22468376]\n",
      " [ 23.23334694  21.06729889  20.5457058   10.19965935   0.          14.66715908\n",
      "   28.38555527  25.01375961  19.79634094  25.56863403  18.32512665\n",
      "   11.03688145  20.17580223]\n",
      " [ 12.64062214  20.21854973  24.83362579  19.95309448  14.66715908   0.\n",
      "   15.68739414  16.89703941  18.98641014  27.76742935  23.47601318\n",
      "   10.97197151  11.40573406]\n",
      " [ 12.96458054  22.32872009  28.45390892  29.12132454  28.38555527\n",
      "   15.68739414   0.          10.61102104  19.52428818  27.53173828\n",
      "   28.28685188  20.46834946  10.70155144]\n",
      " [ 11.24506187  12.60156345  18.81697655  22.84168434  25.01375961\n",
      "   16.89703941  10.61102104   0.          11.90825844  18.81044579\n",
      "   23.45710564  18.97780228  11.73769855]\n",
      " [ 19.83460426  12.48458862  11.48581028  13.74090958  19.79634094\n",
      "   18.98641014  19.52428818  11.90825844   0.           9.04240894\n",
      "   12.30775738  13.93344975  12.59526348]\n",
      " [ 27.51152229  15.96705627  10.23373508  16.64216232  25.56863403\n",
      "   27.76742935  27.53173828  18.81044579   9.04240894   0.          13.97863197\n",
      "   21.54367638  21.31171227]\n",
      " [ 29.54574394  22.6234417   17.48935509  11.44219971  18.32512665\n",
      "   23.47601318  28.28685188  23.45710564  12.30775738  13.97863197   0.\n",
      "   13.21216869  18.2336483 ]\n",
      " [ 20.5758152   20.62043953  20.82474899  12.78256989  11.03688145\n",
      "   10.97197151  20.46834946  18.97780228  13.93344975  21.54367638\n",
      "   13.21216869   0.          10.48779392]\n",
      " [ 16.0165062   19.7121315   22.75726318  20.22468376  20.17580223\n",
      "   11.40573406  10.70155144  11.73769855  12.59526348  21.31171227\n",
      "   18.2336483   10.48779392   0.        ]] \n",
      "\n",
      "inactive carbon d3fl.etq.1.na.charmm36 1 \n",
      "\n",
      "[[  0.           5.22162104   6.49331427 ...,  10.2942791   12.87635422\n",
      "   10.86455822]\n",
      " [  5.22162104   0.           3.83920503 ...,  13.90142536  17.19984055\n",
      "   15.65541172]\n",
      " [  6.49331427   3.83920503   0.         ...,  12.40427208  16.68815804\n",
      "   15.16369343]\n",
      " ..., \n",
      " [ 10.2942791   13.90142536  12.40427208 ...,   0.           5.53063202\n",
      "    5.13800716]\n",
      " [ 12.87635422  17.19984055  16.68815804 ...,   5.53063202   0.           3.8284843 ]\n",
      " [ 10.86455822  15.65541172  15.16369343 ...,   5.13800716   3.8284843    0.        ]] \n",
      "\n",
      "inactive carbon d3fl.etq.1.na.charmm36 2 \n",
      "\n",
      "[[  0.           4.95489597   6.16886902 ...,   9.83321285  12.47845936\n",
      "   11.12989521]\n",
      " [  4.95489597   0.           3.81245136 ...,  13.33955002  16.55693817\n",
      "   15.74716377]\n",
      " [  6.16886902   3.81245136   0.         ...,  11.69476318  15.88872623\n",
      "   15.22817993]\n",
      " ..., \n",
      " [  9.83321285  13.33955002  11.69476318 ...,   0.           5.50168467\n",
      "    5.54903698]\n",
      " [ 12.47845936  16.55693817  15.88872623 ...,   5.50168467   0.\n",
      "    3.81862688]\n",
      " [ 11.12989521  15.74716377  15.22817993 ...,   5.54903698   3.81862688\n",
      "    0.        ]] \n",
      "\n",
      "inactive chi1 d3fl.etq.1.na.charmm36 1 \n",
      "\n",
      "[[ 173.98973083  179.21980286  287.16912079  185.4561615   169.73934937\n",
      "   185.81970215  195.44143677  163.69682312  182.69044495  298.43323898\n",
      "   181.36219788  299.1901741   307.43785477  165.16242981  157.18948364\n",
      "   173.14035034  319.4961319   306.95732498  191.25045776  165.87785339\n",
      "   283.9646759   170.86126709  294.83146667  287.12625122  156.22616577\n",
      "   187.05395508   73.24210358   32.65530777  189.4085083   309.45588684\n",
      "   297.11270142  193.87756348    0.          306.24662018]] \n",
      "\n",
      "inactive chi1 d3fl.etq.1.na.charmm36 2 \n",
      "\n",
      "[[ 182.20454407  185.14828491  292.51930237  190.90167236  179.86811829\n",
      "   172.68704224  183.76493835  162.3225708   193.10528564  302.78065491\n",
      "   187.48500061  319.36574936  284.08560944  180.02415466  176.36065674\n",
      "   184.68292236  315.74672699  291.15892029  190.73945618  190.95281982\n",
      "   280.99110413  188.84342957  273.13443756  291.75249481  163.99147034\n",
      "   188.97991943   54.24336624   30.11997223  194.76190186  297.25869751\n",
      "   294.44799042  185.88577271    0.          297.48859024]] \n",
      "\n"
     ]
    }
   ],
   "source": [
    "# list all the npy file in the out dir mentioned in the parameters file.\n",
    "list_all_indi_frame_matrics =  glob.glob(parameters.outdir+'*all*.npy')\n",
    "for st in parameters.states:\n",
    "    for matrix in parameters.metrics:\n",
    "        for fn in list_all_indi_frame_matrics:\n",
    "            if st in fn and matrix in fn:\n",
    "                data = OrderedDict()\n",
    "                #load the npy file\n",
    "                data = np.load(fn).tolist()\n",
    "                for traj in data:\n",
    "                    for fr in data[traj]:\n",
    "                        print st, matrix, traj, fr, '\\n\\n', data[traj][fr], '\\n'"
   ]
  },
  {
   "cell_type": "code",
   "execution_count": null,
   "metadata": {
    "collapsed": true
   },
   "outputs": [],
   "source": [
    ""
   ]
  }
 ],
 "metadata": {
  "kernelspec": {
   "display_name": "Python 2",
   "language": "python",
   "name": "python2"
  },
  "language_info": {
   "codemirror_mode": {
    "name": "ipython",
    "version": 2.0
   },
   "file_extension": ".py",
   "mimetype": "text/x-python",
   "name": "python",
   "nbconvert_exporter": "python",
   "pygments_lexer": "ipython2",
   "version": "2.7.12"
  }
 },
 "nbformat": 4,
 "nbformat_minor": 0
}