0.000000000000000000e+00,1.604059696197509766e+01,2.433303165435791016e+01,2.539583969116210938e+01,2.172172260284423828e+01,1.287988185882568359e+01,1.248261547088623047e+01,1.157369089126586914e+01,2.046862125396728516e+01,2.821224212646484375e+01,2.912897872924804688e+01,2.063140106201171875e+01,1.608904886245727539e+01
1.604059696197509766e+01,0.000000000000000000e+00,9.453433036804199219e+00,1.765210723876953125e+01,2.035903644561767578e+01,2.059377765655517578e+01,2.204886817932128906e+01,1.218158197402954102e+01,1.267210149765014648e+01,1.592213630676269531e+01,2.268867111206054688e+01,2.141857147216796875e+01,1.977082061767578125e+01
2.433303165435791016e+01,9.453433036804199219e+00,0.000000000000000000e+00,1.350995540618896484e+01,2.043476963043212891e+01,2.493865013122558594e+01,2.820468425750732422e+01,1.840186977386474609e+01,1.140921068191528320e+01,9.740974426269531250e+00,1.794831752777099609e+01,2.172185993194580078e+01,2.267399597167968750e+01
2.539583969116210938e+01,1.765210723876953125e+01,1.350995540618896484e+01,0.000000000000000000e+00,9.696591377258300781e+00,1.904185009002685547e+01,2.884736251831054688e+01,2.262026596069335938e+01,1.395256948471069336e+01,1.703781700134277344e+01,1.152469110488891602e+01,1.308227968215942383e+01,1.986255836486816406e+01
2.172172260284423828e+01,2.035903644561767578e+01,2.043476963043212891e+01,9.696591377258300781e+00,0.000000000000000000e+00,1.268119192123413086e+01,2.679575538635253906e+01,2.330804061889648438e+01,1.893753147125244141e+01,2.495573616027832031e+01,1.778786849975585938e+01,1.089590692520141602e+01,1.888057231903076172e+01
1.287988185882568359e+01,2.059377765655517578e+01,2.493865013122558594e+01,1.904185009002685547e+01,1.268119192123413086e+01,0.000000000000000000e+00,1.608235836029052734e+01,1.706530284881591797e+01,1.903783893585205078e+01,2.774165248870849609e+01,2.217724227905273438e+01,1.038630104064941406e+01,1.155290317535400391e+01
1.248261547088623047e+01,2.204886817932128906e+01,2.820468425750732422e+01,2.884736251831054688e+01,2.679575538635253906e+01,1.608235836029052734e+01,0.000000000000000000e+00,1.059055423736572266e+01,1.959352302551269531e+01,2.771559619903564453e+01,2.746706008911132812e+01,2.013252258300781250e+01,1.090484237670898438e+01
1.157369089126586914e+01,1.218158197402954102e+01,1.840186977386474609e+01,2.262026596069335938e+01,2.330804061889648438e+01,1.706530284881591797e+01,1.059055423736572266e+01,0.000000000000000000e+00,1.191605901718139648e+01,1.890892505645751953e+01,2.277169895172119141e+01,1.886680412292480469e+01,1.174349212646484375e+01
2.046862125396728516e+01,1.267210149765014648e+01,1.140921068191528320e+01,1.395256948471069336e+01,1.893753147125244141e+01,1.903783893585205078e+01,1.959352302551269531e+01,1.191605901718139648e+01,0.000000000000000000e+00,9.078390598297119141e+00,1.191170263290405273e+01,1.429429864883422852e+01,1.255259180068969727e+01
2.821224212646484375e+01,1.592213630676269531e+01,9.740974426269531250e+00,1.703781700134277344e+01,2.495573616027832031e+01,2.774165248870849609e+01,2.771559619903564453e+01,1.890892505645751953e+01,9.078390598297119141e+00,0.000000000000000000e+00,1.441174840927124023e+01,2.202432060241699219e+01,2.136977767944335938e+01
2.912897872924804688e+01,2.268867111206054688e+01,1.794831752777099609e+01,1.152469110488891602e+01,1.778786849975585938e+01,2.217724227905273438e+01,2.746706008911132812e+01,2.277169895172119141e+01,1.191170263290405273e+01,1.441174840927124023e+01,0.000000000000000000e+00,1.254981660842895508e+01,1.712002944946289062e+01
2.063140106201171875e+01,2.141857147216796875e+01,2.172185993194580078e+01,1.308227968215942383e+01,1.089590692520141602e+01,1.038630104064941406e+01,2.013252258300781250e+01,1.886680412292480469e+01,1.429429864883422852e+01,2.202432060241699219e+01,1.254981660842895508e+01,0.000000000000000000e+00,1.001555919647216797e+01
1.608904886245727539e+01,1.977082061767578125e+01,2.267399597167968750e+01,1.986255836486816406e+01,1.888057231903076172e+01,1.155290317535400391e+01,1.090484237670898438e+01,1.174349212646484375e+01,1.255259180068969727e+01,2.136977767944335938e+01,1.712002944946289062e+01,1.001555919647216797e+01,0.000000000000000000e+00
