0.000000000000000000e+00,4.979452133178710938e+00,6.437186002731323242e+00,1.041393756866455078e+01,1.000263166427612305e+01,1.126958084106445312e+01,1.030984926223754883e+01,1.373461675643920898e+01,1.532006454467773438e+01,1.853062248229980469e+01,2.125864887237548828e+01,1.890378952026367188e+01,1.478183555603027344e+01,2.177331829071044922e+01,1.939967536926269531e+01,2.018462562561035156e+01,1.985988235473632812e+01,1.965261268615722656e+01,2.102972793579101562e+01,2.038740825653076172e+01,1.661616230010986328e+01,1.478868341445922852e+01,1.719098377227783203e+01,1.613293170928955078e+01,1.992270088195800781e+01,1.841669654846191406e+01,1.921339702606201172e+01,1.303363513946533203e+01,1.226239967346191406e+01,8.975820064544677734e+00,9.386595726013183594e+00,9.126764297485351562e+00,1.271557426452636719e+01,1.127036428451538086e+01
4.979452133178710938e+00,0.000000000000000000e+00,3.806913852691650391e+00,7.036665201187133789e+00,1.221889257431030273e+01,1.346368312835693359e+01,1.408072614669799805e+01,1.718284511566162109e+01,1.962512493133544922e+01,2.258960056304931641e+01,2.569383049011230469e+01,2.169069004058837891e+01,1.552275896072387695e+01,2.306606388092041016e+01,2.085443878173828125e+01,2.266474914550781250e+01,2.254433441162109375e+01,2.321275424957275391e+01,2.461105155944824219e+01,2.463189411163330078e+01,2.022439098358154297e+01,1.734307956695556641e+01,1.970402908325195312e+01,1.741283130645751953e+01,2.103772354125976562e+01,1.823935127258300781e+01,1.908035182952880859e+01,1.195991325378417969e+01,1.298362112045288086e+01,1.003320550918579102e+01,1.237411880493164062e+01,1.259144067764282227e+01,1.679934406280517578e+01,1.583653593063354492e+01
6.437186002731323242e+00,3.806913852691650391e+00,0.000000000000000000e+00,1.027599954605102539e+01,1.548538398742675781e+01,1.646343994140625000e+01,1.629739093780517578e+01,1.934787273406982422e+01,2.095875930786132812e+01,2.423433971405029297e+01,2.669687080383300781e+01,2.445799446105957031e+01,1.787012004852294922e+01,2.517723846435546875e+01,2.255141639709472656e+01,2.452808666229248047e+01,2.384258556365966797e+01,2.466836452484130859e+01,2.555642604827880859e+01,2.441421318054199219e+01,2.005632495880126953e+01,1.713983535766601562e+01,2.003667068481445312e+01,1.799773025512695312e+01,2.171361351013183594e+01,1.851250171661376953e+01,2.007578277587890625e+01,1.083232069015502930e+01,1.204462337493896484e+01,8.734539985656738281e+00,1.198311901092529297e+01,1.152034139633178711e+01,1.651724720001220703e+01,1.555291604995727539e+01
1.041393756866455078e+01,7.036665201187133789e+00,1.027599954605102539e+01,0.000000000000000000e+00,1.158916759490966797e+01,1.239311504364013672e+01,1.537616729736328125e+01,1.766979503631591797e+01,2.176572418212890625e+01,2.384737300872802734e+01,2.801044559478759766e+01,2.036226844787597656e+01,1.319117212295532227e+01,2.070645618438720703e+01,1.944998931884765625e+01,2.188120174407958984e+01,2.274125194549560547e+01,2.406539726257324219e+01,2.605410099029541016e+01,2.845559883117675781e+01,2.357388114929199219e+01,2.008850288391113281e+01,2.137863445281982422e+01,1.792815780639648438e+01,2.081681823730468750e+01,1.787167453765869141e+01,1.748904037475585938e+01,1.421096229553222656e+01,1.603786659240722656e+01,1.448399829864501953e+01,1.649746131896972656e+01,1.797790050506591797e+01,2.109883594512939453e+01,2.080197715759277344e+01
1.000263166427612305e+01,1.221889257431030273e+01,1.548538398742675781e+01,1.158916759490966797e+01,0.000000000000000000e+00,3.883275747299194336e+00,6.242846012115478516e+00,8.727180004119873047e+00,1.301304054260253906e+01,1.443169164657592773e+01,1.900712966918945312e+01,1.077004480361938477e+01,1.122414922714233398e+01,1.705514049530029297e+01,1.632156610488891602e+01,1.574103689193725586e+01,1.730076694488525391e+01,1.620974159240722656e+01,1.910409927368164062e+01,2.210778903961181641e+01,1.890637969970703125e+01,1.777735996246337891e+01,1.817894172668457031e+01,1.715658760070800781e+01,1.995286750793457031e+01,2.031708431243896484e+01,1.917366790771484375e+01,1.908209323883056641e+01,1.791148376464843750e+01,1.625800323486328125e+01,1.470232915878295898e+01,1.603292274475097656e+01,1.640608215332031250e+01,1.561391305923461914e+01
1.126958084106445312e+01,1.346368312835693359e+01,1.646343994140625000e+01,1.239311504364013672e+01,3.883275747299194336e+00,0.000000000000000000e+00,5.037125587463378906e+00,6.062934398651123047e+00,1.124913167953491211e+01,1.226349020004272461e+01,1.716180419921875000e+01,8.326086997985839844e+00,7.773573398590087891e+00,1.324601602554321289e+01,1.250482892990112305e+01,1.202723169326782227e+01,1.372989892959594727e+01,1.321615457534790039e+01,1.614024734497070312e+01,2.039131927490234375e+01,1.675445652008056641e+01,1.534063005447387695e+01,1.515600061416625977e+01,1.402780532836914062e+01,1.649123287200927734e+01,1.743211078643798828e+01,1.597065305709838867e+01,1.769132518768310547e+01,1.620562839508056641e+01,1.535041999816894531e+01,1.341447925567626953e+01,1.553342056274414062e+01,1.516214036941528320e+01,1.527275562286376953e+01
1.030984926223754883e+01,1.408072614669799805e+01,1.629739093780517578e+01,1.537616729736328125e+01,6.242846012115478516e+00,5.037125587463378906e+00,0.000000000000000000e+00,3.822974085807800293e+00,6.907091140747070312e+00,8.975031375885009766e+00,1.310202455520629883e+01,9.216235160827636719e+00,1.059503841400146484e+01,1.508192157745361328e+01,1.352364158630371094e+01,1.194740152359008789e+01,1.258570146560668945e+01,1.078060579299926758e+01,1.332224559783935547e+01,1.596013736724853516e+01,1.309293079376220703e+01,1.298422384262084961e+01,1.322862052917480469e+01,1.374272394180297852e+01,1.656506729125976562e+01,1.816086864471435547e+01,1.746352577209472656e+01,1.771824836730957031e+01,1.515175056457519531e+01,1.395217895507812500e+01,1.077174949645996094e+01,1.230009889602661133e+01,1.100998640060424805e+01,1.080977010726928711e+01
1.373461675643920898e+01,1.718284511566162109e+01,1.934787273406982422e+01,1.766979503631591797e+01,8.727180004119873047e+00,6.062934398651123047e+00,3.822974085807800293e+00,0.000000000000000000e+00,5.666586399078369141e+00,6.301589012145996094e+00,1.120966911315917969e+01,6.538882255554199219e+00,9.608023166656494141e+00,1.222037839889526367e+01,1.099151420593261719e+01,8.447579383850097656e+00,9.521652221679687500e+00,7.495831489562988281e+00,1.052775907516479492e+01,1.526921463012695312e+01,1.249384069442749023e+01,1.264001655578613281e+01,1.179231262207031250e+01,1.272892761230468750e+01,1.482384347915649414e+01,1.753243541717529297e+01,1.634723472595214844e+01,1.893274497985839844e+01,1.608501148223876953e+01,1.576295566558837891e+01,1.219954109191894531e+01,1.434942483901977539e+01,1.186416149139404297e+01,1.263371753692626953e+01
1.532006454467773438e+01,1.962512493133544922e+01,2.095875930786132812e+01,2.176572418212890625e+01,1.301304054260253906e+01,1.124913167953491211e+01,6.907091140747070312e+00,5.666586399078369141e+00,0.000000000000000000e+00,3.830485224723815918e+00,6.290220737457275391e+00,1.073174571990966797e+01,1.428196239471435547e+01,1.589479637145996094e+01,1.402717876434326172e+01,1.076390266418457031e+01,1.012410783767700195e+01,6.260699510574340820e+00,7.990944385528564453e+00,1.020404338836669922e+01,9.224775314331054688e+00,1.167273998260498047e+01,1.121333599090576172e+01,1.421668672561645508e+01,1.632995986938476562e+01,1.960347557067871094e+01,1.923877525329589844e+01,2.043077659606933594e+01,1.667196655273437500e+01,1.623123741149902344e+01,1.167147254943847656e+01,1.292806577682495117e+01,8.752249240875244141e+00,9.557779788970947266e+00
1.853062248229980469e+01,2.258960056304931641e+01,2.423433971405029297e+01,2.384737300872802734e+01,1.443169164657592773e+01,1.226349020004272461e+01,8.975031375885009766e+00,6.301589012145996094e+00,3.830485224723815918e+00,0.000000000000000000e+00,5.451497554779052734e+00,8.899302959442138672e+00,1.485223293304443359e+01,1.477916765213012695e+01,1.367889499664306641e+01,9.298140525817871094e+00,9.452702999114990234e+00,4.460808038711547852e+00,7.167744398117065430e+00,1.205712270736694336e+01,1.165596008300781250e+01,1.406718492507934570e+01,1.262413167953491211e+01,1.561054897308349609e+01,1.695531368255615234e+01,2.100278663635253906e+01,2.005297660827636719e+01,2.313005733489990234e+01,1.947700023651123047e+01,1.947131061553955078e+01,1.501877641677856445e+01,1.662550449371337891e+01,1.226782274246215820e+01,1.333245801925659180e+01
2.125864887237548828e+01,2.569383049011230469e+01,2.669687080383300781e+01,2.801044559478759766e+01,1.900712966918945312e+01,1.716180419921875000e+01,1.310202455520629883e+01,1.120966911315917969e+01,6.290220737457275391e+00,5.451497554779052734e+00,0.000000000000000000e+00,1.425391960144042969e+01,1.937601280212402344e+01,1.891034507751464844e+01,1.733690547943115234e+01,1.313713455200195312e+01,1.193753194808959961e+01,7.132983207702636719e+00,7.112965822219848633e+00,8.458947658538818359e+00,1.075973272323608398e+01,1.487522745132446289e+01,1.375549459457397461e+01,1.800131893157958984e+01,1.921983242034912109e+01,2.352078628540039062e+01,2.321456336975097656e+01,2.528677558898925781e+01,2.110865020751953125e+01,2.113887119293212891e+01,1.633776283264160156e+01,1.722332572937011719e+01,1.197745990753173828e+01,1.311733865737915039e+01
1.890378952026367188e+01,2.169069004058837891e+01,2.445799446105957031e+01,2.036226844787597656e+01,1.077004480361938477e+01,8.326086997985839844e+00,9.216235160827636719e+00,6.538882255554199219e+00,1.073174571990966797e+01,8.899302959442138672e+00,1.425391960144042969e+01,0.000000000000000000e+00,1.146321439743041992e+01,1.159321451187133789e+01,1.246459531784057617e+01,9.073724269866943359e+00,1.210262441635131836e+01,1.004783010482788086e+01,1.373097276687622070e+01,2.041701984405517578e+01,1.826716041564941406e+01,1.837602138519287109e+01,1.666103553771972656e+01,1.702208995819091797e+01,1.804740619659423828e+01,2.124541568756103516e+01,1.900556659698486328e+01,2.406996440887451172e+01,2.175401401519775391e+01,2.173009109497070312e+01,1.855883693695068359e+01,2.083175373077392578e+01,1.826219463348388672e+01,1.894921207427978516e+01
1.478183555603027344e+01,1.552275896072387695e+01,1.787012004852294922e+01,1.319117212295532227e+01,1.122414922714233398e+01,7.773573398590087891e+00,1.059503841400146484e+01,9.608023166656494141e+00,1.428196239471435547e+01,1.485223293304443359e+01,1.937601280212402344e+01,1.146321439743041992e+01,0.000000000000000000e+00,7.694634437561035156e+00,6.527302980422973633e+00,9.289922237396240234e+00,1.070873260498046875e+01,1.329310846328735352e+01,1.533511590957641602e+01,2.130667686462402344e+01,1.629253673553466797e+01,1.310159492492675781e+01,1.197475767135620117e+01,8.827658653259277344e+00,1.027020311355590820e+01,1.099278926849365234e+01,8.638231277465820312e+00,1.442786979675292969e+01,1.351000452041625977e+01,1.450958061218261719e+01,1.348384237289428711e+01,1.686564064025878906e+01,1.648681259155273438e+01,1.816857624053955078e+01
2.177331829071044922e+01,2.306606388092041016e+01,2.517723846435546875e+01,2.070645618438720703e+01,1.705514049530029297e+01,1.324601602554321289e+01,1.508192157745361328e+01,1.222037839889526367e+01,1.589479637145996094e+01,1.477916765213012695e+01,1.891034507751464844e+01,1.159321451187133789e+01,7.694634437561035156e+00,0.000000000000000000e+00,3.812637805938720703e+00,5.800037860870361328e+00,8.251116275787353516e+00,1.181838035583496094e+01,1.356124734878540039e+01,2.204644393920898438e+01,1.782828521728515625e+01,1.563094711303710938e+01,1.270378541946411133e+01,1.098462629318237305e+01,9.696209430694580078e+00,1.338056564331054688e+01,1.013712120056152344e+01,1.996090030670166016e+01,1.834089946746826172e+01,2.029472446441650391e+01,1.832685947418212891e+01,2.190630245208740234e+01,1.982311916351318359e+01,2.226089954376220703e+01
1.939967536926269531e+01,2.085443878173828125e+01,2.255141639709472656e+01,1.944998931884765625e+01,1.632156610488891602e+01,1.250482892990112305e+01,1.352364158630371094e+01,1.099151420593261719e+01,1.402717876434326172e+01,1.367889499664306641e+01,1.733690547943115234e+01,1.246459531784057617e+01,6.527302980422973633e+00,3.812637805938720703e+00,0.000000000000000000e+00,5.270776271820068359e+00,5.992565870285034180e+00,1.042013597488403320e+01,1.155822515487670898e+01,1.921696567535400391e+01,1.451040363311767578e+01,1.191078329086303711e+01,9.075234889984130859e+00,7.242878198623657227e+00,6.324306011199951172e+00,1.033964872360229492e+01,7.734820127487182617e+00,1.673312473297119141e+01,1.476230669021606445e+01,1.691175079345703125e+01,1.492060613632202148e+01,1.858093643188476562e+01,1.661134433746337891e+01,1.930068969726562500e+01
2.018462562561035156e+01,2.266474914550781250e+01,2.452808666229248047e+01,2.188120174407958984e+01,1.574103689193725586e+01,1.202723169326782227e+01,1.194740152359008789e+01,8.447579383850097656e+00,1.076390266418457031e+01,9.298140525817871094e+00,1.313713455200195312e+01,9.073724269866943359e+00,9.289922237396240234e+00,5.800037860870361328e+00,5.270776271820068359e+00,0.000000000000000000e+00,3.853579521179199219e+00,6.038216829299926758e+00,8.139903068542480469e+00,1.691214942932128906e+01,1.358943891525268555e+01,1.294428348541259766e+01,9.871298313140869141e+00,1.059711503982543945e+01,1.024887371063232422e+01,1.497957038879394531e+01,1.286978864669799805e+01,2.024192333221435547e+01,1.746263504028320312e+01,1.897382259368896484e+01,1.579003381729125977e+01,1.897894287109375000e+01,1.577242326736450195e+01,1.819051265716552734e+01
1.985988235473632812e+01,2.254433441162109375e+01,2.384258556365966797e+01,2.274125194549560547e+01,1.730076694488525391e+01,1.372989892959594727e+01,1.258570146560668945e+01,9.521652221679687500e+00,1.012410783767700195e+01,9.452702999114990234e+00,1.193753194808959961e+01,1.210262441635131836e+01,1.070873260498046875e+01,8.251116275787353516e+00,5.992565870285034180e+00,3.853579521179199219e+00,0.000000000000000000e+00,5.331299304962158203e+00,5.609217882156372070e+00,1.401709318161010742e+01,1.041668415069580078e+01,9.977709770202636719e+00,6.547618150711059570e+00,8.635729789733886719e+00,8.306842803955078125e+00,1.352354955673217773e+01,1.229111003875732422e+01,1.867802810668945312e+01,1.538423204421997070e+01,1.722299480438232422e+01,1.381101846694946289e+01,1.697802639007568359e+01,1.341092300415039062e+01,1.636266803741455078e+01
1.965261268615722656e+01,2.321275424957275391e+01,2.466836452484130859e+01,2.406539726257324219e+01,1.620974159240722656e+01,1.321615457534790039e+01,1.078060579299926758e+01,7.495831489562988281e+00,6.260699510574340820e+00,4.460808038711547852e+00,7.132983207702636719e+00,1.004783010482788086e+01,1.329310846328735352e+01,1.181838035583496094e+01,1.042013597488403320e+01,6.038216829299926758e+00,5.331299304962158203e+00,0.000000000000000000e+00,3.719458103179931641e+00,1.183750104904174805e+01,1.026033639907836914e+01,1.199496841430664062e+01,9.574994564056396484e+00,1.272688198089599609e+01,1.334821319580078125e+01,1.806271553039550781e+01,1.702197933197021484e+01,2.159298515319824219e+01,1.790393257141113281e+01,1.877317905426025391e+01,1.452450609207153320e+01,1.687067031860351562e+01,1.242206573486328125e+01,1.461198091506958008e+01
2.102972793579101562e+01,2.461105155944824219e+01,2.555642604827880859e+01,2.605410099029541016e+01,1.910409927368164062e+01,1.614024734497070312e+01,1.332224559783935547e+01,1.052775907516479492e+01,7.990944385528564453e+00,7.167744398117065430e+00,7.112965822219848633e+00,1.373097276687622070e+01,1.533511590957641602e+01,1.356124734878540039e+01,1.155822515487670898e+01,8.139903068542480469e+00,5.609217882156372070e+00,3.719458103179931641e+00,0.000000000000000000e+00,9.563885688781738281e+00,8.336014270782470703e+00,1.079006195068359375e+01,8.214812278747558594e+00,1.246523332595825195e+01,1.277056789398193359e+01,1.777038288116455078e+01,1.730546665191650391e+01,2.147067451477050781e+01,1.744340324401855469e+01,1.870467281341552734e+01,1.438556337356567383e+01,1.661830043792724609e+01,1.173216056823730469e+01,1.452130365371704102e+01
2.038740825653076172e+01,2.463189411163330078e+01,2.441421318054199219e+01,2.845559883117675781e+01,2.210778903961181641e+01,2.039131927490234375e+01,1.596013736724853516e+01,1.526921463012695312e+01,1.020404338836669922e+01,1.205712270736694336e+01,8.458947658538818359e+00,2.041701984405517578e+01,2.130667686462402344e+01,2.204644393920898438e+01,1.921696567535400391e+01,1.691214942932128906e+01,1.401709318161010742e+01,1.183750104904174805e+01,9.563885688781738281e+00,0.000000000000000000e+00,6.070486545562744141e+00,1.131673097610473633e+01,1.175573921203613281e+01,1.664151287078857422e+01,1.830911540985107422e+01,2.162946510314941406e+01,2.271044445037841797e+01,2.196127891540527344e+01,1.741505241394042969e+01,1.758160877227783203e+01,1.309646606445312500e+01,1.315138196945190430e+01,7.910910129547119141e+00,9.933460712432861328e+00
1.661616230010986328e+01,2.022439098358154297e+01,2.005632495880126953e+01,2.357388114929199219e+01,1.890637969970703125e+01,1.675445652008056641e+01,1.309293079376220703e+01,1.249384069442749023e+01,9.224775314331054688e+00,1.165596008300781250e+01,1.075973272323608398e+01,1.826716041564941406e+01,1.629253673553466797e+01,1.782828521728515625e+01,1.451040363311767578e+01,1.358943891525268555e+01,1.041668415069580078e+01,1.026033639907836914e+01,8.336014270782470703e+00,6.070486545562744141e+00,0.000000000000000000e+00,5.258800745010375977e+00,6.239013671875000000e+00,1.076902627944946289e+01,1.286984872817993164e+01,1.564719295501708984e+01,1.691850376129150391e+01,1.621404409408569336e+01,1.167987346649169922e+01,1.244487142562866211e+01,8.128343105316162109e+00,9.547720432281494141e+00,4.909030199050903320e+00,8.594146251678466797e+00
1.478868341445922852e+01,1.734307956695556641e+01,1.713983535766601562e+01,2.008850288391113281e+01,1.777735996246337891e+01,1.534063005447387695e+01,1.298422384262084961e+01,1.264001655578613281e+01,1.167273998260498047e+01,1.406718492507934570e+01,1.487522745132446289e+01,1.837602138519287109e+01,1.310159492492675781e+01,1.563094711303710938e+01,1.191078329086303711e+01,1.294428348541259766e+01,9.977709770202636719e+00,1.199496841430664062e+01,1.079006195068359375e+01,1.131673097610473633e+01,5.258800745010375977e+00,0.000000000000000000e+00,3.831691741943359375e+00,6.243260860443115234e+00,9.050228595733642578e+00,1.060752439498901367e+01,1.232276153564453125e+01,1.139675617218017578e+01,7.019505023956298828e+00,8.886796951293945312e+00,5.855416774749755859e+00,8.836974620819091797e+00,7.101243972778320312e+00,1.060114240646362305e+01
1.719098377227783203e+01,1.970402908325195312e+01,2.003667068481445312e+01,2.137863445281982422e+01,1.817894172668457031e+01,1.515600061416625977e+01,1.322862052917480469e+01,1.179231262207031250e+01,1.121333599090576172e+01,1.262413167953491211e+01,1.375549459457397461e+01,1.666103553771972656e+01,1.197475767135620117e+01,1.270378541946411133e+01,9.075234889984130859e+00,9.871298313140869141e+00,6.547618150711059570e+00,9.574994564056396484e+00,8.214812278747558594e+00,1.175573921203613281e+01,6.239013671875000000e+00,3.831691741943359375e+00,0.000000000000000000e+00,5.186058282852172852e+00,6.657886266708374023e+00,1.028460788726806641e+01,1.104675102233886719e+01,1.377111673355102539e+01,9.877919673919677734e+00,1.214771127700805664e+01,9.067975044250488281e+00,1.226890802383422852e+01,9.508927822113037109e+00,1.308320760726928711e+01
1.613293170928955078e+01,1.741283130645751953e+01,1.799773025512695312e+01,1.792815780639648438e+01,1.715658760070800781e+01,1.402780532836914062e+01,1.374272394180297852e+01,1.272892761230468750e+01,1.421668672561645508e+01,1.561054897308349609e+01,1.800131893157958984e+01,1.702208995819091797e+01,8.827658653259277344e+00,1.098462629318237305e+01,7.242878198623657227e+00,1.059711503982543945e+01,8.635729789733886719e+00,1.272688198089599609e+01,1.246523332595825195e+01,1.664151287078857422e+01,1.076902627944946289e+01,6.243260860443115234e+00,5.186058282852172852e+00,0.000000000000000000e+00,3.898876190185546875e+00,5.528534650802612305e+00,6.170248985290527344e+00,1.048935174942016602e+01,7.965940713882446289e+00,1.085104179382324219e+01,9.644502162933349609e+00,1.338390922546386719e+01,1.258187484741210938e+01,1.562457990646362305e+01
1.992270088195800781e+01,2.103772354125976562e+01,2.171361351013183594e+01,2.081681823730468750e+01,1.995286750793457031e+01,1.649123287200927734e+01,1.656506729125976562e+01,1.482384347915649414e+01,1.632995986938476562e+01,1.695531368255615234e+01,1.921983242034912109e+01,1.804740619659423828e+01,1.027020311355590820e+01,9.696209430694580078e+00,6.324306011199951172e+00,1.024887371063232422e+01,8.306842803955078125e+00,1.334821319580078125e+01,1.277056789398193359e+01,1.830911540985107422e+01,1.286984872817993164e+01,9.050228595733642578e+00,6.657886266708374023e+00,3.898876190185546875e+00,0.000000000000000000e+00,5.905828714370727539e+00,5.458948850631713867e+00,1.343863201141357422e+01,1.136839771270751953e+01,1.458484935760498047e+01,1.336620903015136719e+01,1.704828834533691406e+01,1.563679265975952148e+01,1.892942333221435547e+01
1.841669654846191406e+01,1.823935127258300781e+01,1.851250171661376953e+01,1.787167453765869141e+01,2.031708431243896484e+01,1.743211078643798828e+01,1.816086864471435547e+01,1.753243541717529297e+01,1.960347557067871094e+01,2.100278663635253906e+01,2.352078628540039062e+01,2.124541568756103516e+01,1.099278926849365234e+01,1.338056564331054688e+01,1.033964872360229492e+01,1.497957038879394531e+01,1.352354955673217773e+01,1.806271553039550781e+01,1.777038288116455078e+01,2.162946510314941406e+01,1.564719295501708984e+01,1.060752439498901367e+01,1.028460788726806641e+01,5.528534650802612305e+00,5.905828714370727539e+00,0.000000000000000000e+00,3.847973823547363281e+00,8.959216594696044922e+00,8.810565471649169922e+00,1.224572992324829102e+01,1.311382961273193359e+01,1.661502933502197266e+01,1.714835548400878906e+01,1.997605133056640625e+01
1.921339702606201172e+01,1.908035182952880859e+01,2.007578277587890625e+01,1.748904037475585938e+01,1.917366790771484375e+01,1.597065305709838867e+01,1.746352577209472656e+01,1.634723472595214844e+01,1.923877525329589844e+01,2.005297660827636719e+01,2.321456336975097656e+01,1.900556659698486328e+01,8.638231277465820312e+00,1.013712120056152344e+01,7.734820127487182617e+00,1.286978864669799805e+01,1.229111003875732422e+01,1.702197933197021484e+01,1.730546665191650391e+01,2.271044445037841797e+01,1.691850376129150391e+01,1.232276153564453125e+01,1.104675102233886719e+01,6.170248985290527344e+00,5.458948850631713867e+00,3.847973823547363281e+00,0.000000000000000000e+00,1.179818534851074219e+01,1.161288928985595703e+01,1.458257102966308594e+01,1.483759164810180664e+01,1.855070781707763672e+01,1.853459548950195312e+01,2.127333545684814453e+01
1.303363513946533203e+01,1.195991325378417969e+01,1.083232069015502930e+01,1.421096229553222656e+01,1.908209323883056641e+01,1.769132518768310547e+01,1.771824836730957031e+01,1.893274497985839844e+01,2.043077659606933594e+01,2.313005733489990234e+01,2.528677558898925781e+01,2.406996440887451172e+01,1.442786979675292969e+01,1.996090030670166016e+01,1.673312473297119141e+01,2.024192333221435547e+01,1.867802810668945312e+01,2.159298515319824219e+01,2.147067451477050781e+01,2.196127891540527344e+01,1.621404409408569336e+01,1.139675617218017578e+01,1.377111673355102539e+01,1.048935174942016602e+01,1.343863201141357422e+01,8.959216594696044922e+00,1.179818534851074219e+01,0.000000000000000000e+00,4.576696634292602539e+00,5.939157009124755859e+00,9.890136241912841797e+00,1.195680952072143555e+01,1.530705547332763672e+01,1.687629127502441406e+01
1.226239967346191406e+01,1.298362112045288086e+01,1.204462337493896484e+01,1.603786659240722656e+01,1.791148376464843750e+01,1.620562839508056641e+01,1.515175056457519531e+01,1.608501148223876953e+01,1.667196655273437500e+01,1.947700023651123047e+01,2.110865020751953125e+01,2.175401401519775391e+01,1.351000452041625977e+01,1.834089946746826172e+01,1.476230669021606445e+01,1.746263504028320312e+01,1.538423204421997070e+01,1.790393257141113281e+01,1.744340324401855469e+01,1.741505241394042969e+01,1.167987346649169922e+01,7.019505023956298828e+00,9.877919673919677734e+00,7.965940713882446289e+00,1.136839771270751953e+01,8.810565471649169922e+00,1.161288928985595703e+01,4.576696634292602539e+00,0.000000000000000000e+00,3.900893449783325195e+00,6.033142328262329102e+00,8.593498229980468750e+00,1.105309247970581055e+01,1.313095903396606445e+01
8.975820064544677734e+00,1.003320550918579102e+01,8.734539985656738281e+00,1.448399829864501953e+01,1.625800323486328125e+01,1.535041999816894531e+01,1.395217895507812500e+01,1.576295566558837891e+01,1.623123741149902344e+01,1.947131061553955078e+01,2.113887119293212891e+01,2.173009109497070312e+01,1.450958061218261719e+01,2.029472446441650391e+01,1.691175079345703125e+01,1.897382259368896484e+01,1.722299480438232422e+01,1.877317905426025391e+01,1.870467281341552734e+01,1.758160877227783203e+01,1.244487142562866211e+01,8.886796951293945312e+00,1.214771127700805664e+01,1.085104179382324219e+01,1.458484935760498047e+01,1.224572992324829102e+01,1.458257102966308594e+01,5.939157009124755859e+00,3.900893449783325195e+00,0.000000000000000000e+00,4.835957050323486328e+00,6.103520631790161133e+00,1.020046997070312500e+01,1.116149711608886719e+01
9.386595726013183594e+00,1.237411880493164062e+01,1.198311901092529297e+01,1.649746131896972656e+01,1.470232915878295898e+01,1.341447925567626953e+01,1.077174949645996094e+01,1.219954109191894531e+01,1.167147254943847656e+01,1.501877641677856445e+01,1.633776283264160156e+01,1.855883693695068359e+01,1.348384237289428711e+01,1.832685947418212891e+01,1.492060613632202148e+01,1.579003381729125977e+01,1.381101846694946289e+01,1.452450609207153320e+01,1.438556337356567383e+01,1.309646606445312500e+01,8.128343105316162109e+00,5.855416774749755859e+00,9.067975044250488281e+00,9.644502162933349609e+00,1.336620903015136719e+01,1.311382961273193359e+01,1.483759164810180664e+01,9.890136241912841797e+00,6.033142328262329102e+00,4.835957050323486328e+00,0.000000000000000000e+00,3.809204578399658203e+00,5.618399620056152344e+00,7.242414474487304688e+00
9.126764297485351562e+00,1.259144067764282227e+01,1.152034139633178711e+01,1.797790050506591797e+01,1.603292274475097656e+01,1.553342056274414062e+01,1.230009889602661133e+01,1.434942483901977539e+01,1.292806577682495117e+01,1.662550449371337891e+01,1.722332572937011719e+01,2.083175373077392578e+01,1.686564064025878906e+01,2.190630245208740234e+01,1.858093643188476562e+01,1.897894287109375000e+01,1.697802639007568359e+01,1.687067031860351562e+01,1.661830043792724609e+01,1.315138196945190430e+01,9.547720432281494141e+00,8.836974620819091797e+00,1.226890802383422852e+01,1.338390922546386719e+01,1.704828834533691406e+01,1.661502933502197266e+01,1.855070781707763672e+01,1.195680952072143555e+01,8.593498229980468750e+00,6.103520631790161133e+00,3.809204578399658203e+00,0.000000000000000000e+00,5.536724805831909180e+00,5.392436981201171875e+00
1.271557426452636719e+01,1.679934406280517578e+01,1.651724720001220703e+01,2.109883594512939453e+01,1.640608215332031250e+01,1.516214036941528320e+01,1.100998640060424805e+01,1.186416149139404297e+01,8.752249240875244141e+00,1.226782274246215820e+01,1.197745990753173828e+01,1.826219463348388672e+01,1.648681259155273438e+01,1.982311916351318359e+01,1.661134433746337891e+01,1.577242326736450195e+01,1.341092300415039062e+01,1.242206573486328125e+01,1.173216056823730469e+01,7.910910129547119141e+00,4.909030199050903320e+00,7.101243972778320312e+00,9.508927822113037109e+00,1.258187484741210938e+01,1.563679265975952148e+01,1.714835548400878906e+01,1.853459548950195312e+01,1.530705547332763672e+01,1.105309247970581055e+01,1.020046997070312500e+01,5.618399620056152344e+00,5.536724805831909180e+00,0.000000000000000000e+00,3.816543459892272949e+00
1.127036428451538086e+01,1.583653593063354492e+01,1.555291604995727539e+01,2.080197715759277344e+01,1.561391305923461914e+01,1.527275562286376953e+01,1.080977010726928711e+01,1.263371753692626953e+01,9.557779788970947266e+00,1.333245801925659180e+01,1.311733865737915039e+01,1.894921207427978516e+01,1.816857624053955078e+01,2.226089954376220703e+01,1.930068969726562500e+01,1.819051265716552734e+01,1.636266803741455078e+01,1.461198091506958008e+01,1.452130365371704102e+01,9.933460712432861328e+00,8.594146251678466797e+00,1.060114240646362305e+01,1.308320760726928711e+01,1.562457990646362305e+01,1.892942333221435547e+01,1.997605133056640625e+01,2.127333545684814453e+01,1.687629127502441406e+01,1.313095903396606445e+01,1.116149711608886719e+01,7.242414474487304688e+00,5.392436981201171875e+00,3.816543459892272949e+00,0.000000000000000000e+00
