0.000000000000000000e+00,1.538100624084472656e+01,2.381178569793701172e+01,2.523474216461181641e+01,2.361114692687988281e+01,1.314308071136474609e+01,1.281155157089233398e+01,1.129346561431884766e+01,2.016172885894775391e+01,2.772232151031494141e+01,2.963864421844482422e+01,2.102648830413818359e+01,1.619041633605957031e+01
1.538100624084472656e+01,0.000000000000000000e+00,9.388317108154296875e+00,1.672029018402099609e+01,2.126686954498291016e+01,2.025802230834960938e+01,2.236575222015380859e+01,1.274709129333496094e+01,1.266341972351074219e+01,1.604659318923950195e+01,2.239805889129638672e+01,2.074688053131103516e+01,1.972273159027099609e+01
2.381178569793701172e+01,9.388317108154296875e+00,0.000000000000000000e+00,1.233326959609985352e+01,2.081513786315917969e+01,2.479474163055419922e+01,2.844546699523925781e+01,1.885592651367187500e+01,1.154006195068359375e+01,1.026791286468505859e+01,1.722945880889892578e+01,2.089005565643310547e+01,2.270537185668945312e+01
2.523474216461181641e+01,1.672029018402099609e+01,1.233326959609985352e+01,0.000000000000000000e+00,1.027777004241943359e+01,1.961026859283447266e+01,2.888306522369384766e+01,2.268379402160644531e+01,1.384893989562988281e+01,1.684835433959960938e+01,1.159040164947509766e+01,1.279204559326171875e+01,2.001914405822753906e+01
2.361114692687988281e+01,2.126686954498291016e+01,2.081513786315917969e+01,1.027777004241943359e+01,0.000000000000000000e+00,1.429409408569335938e+01,2.812472534179687500e+01,2.507573890686035156e+01,2.006694507598876953e+01,2.588020229339599609e+01,1.829923629760742188e+01,1.087156581878662109e+01,1.985708808898925781e+01
1.314308071136474609e+01,2.025802230834960938e+01,2.479474163055419922e+01,1.961026859283447266e+01,1.429409408569335938e+01,0.000000000000000000e+00,1.568360996246337891e+01,1.705212020874023438e+01,1.919286918640136719e+01,2.791329193115234375e+01,2.333035278320312500e+01,1.096413326263427734e+01,1.133790063858032227e+01
1.281155157089233398e+01,2.236575222015380859e+01,2.844546699523925781e+01,2.888306522369384766e+01,2.812472534179687500e+01,1.568360996246337891e+01,0.000000000000000000e+00,1.061879301071166992e+01,1.962262344360351562e+01,2.769925498962402344e+01,2.817145919799804688e+01,2.043632984161376953e+01,1.074278163909912109e+01
1.129346561431884766e+01,1.274709129333496094e+01,1.885592651367187500e+01,2.268379402160644531e+01,2.507573890686035156e+01,1.705212020874023438e+01,1.061879301071166992e+01,0.000000000000000000e+00,1.196710872650146484e+01,1.888245868682861328e+01,2.325460910797119141e+01,1.907248497009277344e+01,1.176378107070922852e+01
2.016172885894775391e+01,1.266341972351074219e+01,1.154006195068359375e+01,1.384893989562988281e+01,2.006694507598876953e+01,1.919286918640136719e+01,1.962262344360351562e+01,1.196710872650146484e+01,0.000000000000000000e+00,9.037817478179931641e+00,1.206856298446655273e+01,1.413923692703247070e+01,1.269191074371337891e+01
2.772232151031494141e+01,1.604659318923950195e+01,1.026791286468505859e+01,1.684835433959960938e+01,2.588020229339599609e+01,2.791329193115234375e+01,2.769925498962402344e+01,1.888245868682861328e+01,9.037817478179931641e+00,0.000000000000000000e+00,1.389478015899658203e+01,2.174668025970458984e+01,2.147539710998535156e+01
2.963864421844482422e+01,2.239805889129638672e+01,1.722945880889892578e+01,1.159040164947509766e+01,1.829923629760742188e+01,2.333035278320312500e+01,2.817145919799804688e+01,2.325460910797119141e+01,1.206856298446655273e+01,1.389478015899658203e+01,0.000000000000000000e+00,1.315665531158447266e+01,1.810767650604248047e+01
2.102648830413818359e+01,2.074688053131103516e+01,2.089005565643310547e+01,1.279204559326171875e+01,1.087156581878662109e+01,1.096413326263427734e+01,2.043632984161376953e+01,1.907248497009277344e+01,1.413923692703247070e+01,2.174668025970458984e+01,1.315665531158447266e+01,0.000000000000000000e+00,1.037995290756225586e+01
1.619041633605957031e+01,1.972273159027099609e+01,2.270537185668945312e+01,2.001914405822753906e+01,1.985708808898925781e+01,1.133790063858032227e+01,1.074278163909912109e+01,1.176378107070922852e+01,1.269191074371337891e+01,2.147539710998535156e+01,1.810767650604248047e+01,1.037995290756225586e+01,0.000000000000000000e+00
