0.000000000000000000e+00,5.088268041610717773e+00,6.330607414245605469e+00,1.062954854965209961e+01,9.545088768005371094e+00,1.059991121292114258e+01,1.003091144561767578e+01,1.324257755279541016e+01,1.508573579788208008e+01,1.811261081695556641e+01,2.165806484222412109e+01,1.880078601837158203e+01,1.465693664550781250e+01,2.022244071960449219e+01,1.942812442779541016e+01,1.959726524353027344e+01,2.101137065887451172e+01,2.014874935150146484e+01,2.123186779022216797e+01,1.980436992645263672e+01,1.664488410949707031e+01,1.518079710006713867e+01,1.760954093933105469e+01,1.727128791809082031e+01,2.103003120422363281e+01,2.035337829589843750e+01,2.217683696746826172e+01,1.263154697418212891e+01,1.189670705795288086e+01,9.559665203094482422e+00,9.341180324554443359e+00,1.006404256820678711e+01,1.267772817611694336e+01,1.099721479415893555e+01
5.088268041610717773e+00,0.000000000000000000e+00,3.826247334480285645e+00,6.974347591400146484e+00,1.156456804275512695e+01,1.267603063583374023e+01,1.391846323013305664e+01,1.676804351806640625e+01,1.950052738189697266e+01,2.222465038299560547e+01,2.619074249267578125e+01,2.159683609008789062e+01,1.454050493240356445e+01,2.155757808685302734e+01,2.094552040100097656e+01,2.223531436920166016e+01,2.373524665832519531e+01,2.369377517700195312e+01,2.493498706817626953e+01,2.431805992126464844e+01,2.045607852935791016e+01,1.788916587829589844e+01,2.023550891876220703e+01,1.848112869262695312e+01,2.233839035034179688e+01,2.050459289550781250e+01,2.234747600555419922e+01,1.167664289474487305e+01,1.279490184783935547e+01,1.094725847244262695e+01,1.257379484176635742e+01,1.362109041213989258e+01,1.687874031066894531e+01,1.570135736465454102e+01
6.330607414245605469e+00,3.826247334480285645e+00,0.000000000000000000e+00,1.023977375030517578e+01,1.472751140594482422e+01,1.541496610641479492e+01,1.590179347991943359e+01,1.866086387634277344e+01,2.060150527954101562e+01,2.369598388671875000e+01,2.703491973876953125e+01,2.409985160827636719e+01,1.628529834747314453e+01,2.346240711212158203e+01,2.226322937011718750e+01,2.372940158843994141e+01,2.468300342559814453e+01,2.502549934387207031e+01,2.572952079772949219e+01,2.398993873596191406e+01,2.011297512054443359e+01,1.746556568145751953e+01,2.033659839630126953e+01,1.866979694366455078e+01,2.255792427062988281e+01,2.042389297485351562e+01,2.283175945281982422e+01,9.774474143981933594e+00,1.143308925628662109e+01,8.977787494659423828e+00,1.170223903656005859e+01,1.204960536956787109e+01,1.628834152221679688e+01,1.519548130035400391e+01
1.062954854965209961e+01,6.974347591400146484e+00,1.023977375030517578e+01,0.000000000000000000e+00,1.113064384460449219e+01,1.211646223068237305e+01,1.566015434265136719e+01,1.775142574310302734e+01,2.198756599426269531e+01,2.376855468750000000e+01,2.870089530944824219e+01,2.070008277893066406e+01,1.265967130661010742e+01,1.979991912841796875e+01,2.019779014587402344e+01,2.218157386779785156e+01,2.433581733703613281e+01,2.463791942596435547e+01,2.660235214233398438e+01,2.836454772949218750e+01,2.400875568389892578e+01,2.083497142791748047e+01,2.217075729370117188e+01,1.931795024871826172e+01,2.280267715454101562e+01,2.064282798767089844e+01,2.148646736145019531e+01,1.496010017395019531e+01,1.638576030731201172e+01,1.596324539184570312e+01,1.722690296173095703e+01,1.931179618835449219e+01,2.144067287445068359e+01,2.083333110809326172e+01
9.545088768005371094e+00,1.156456804275512695e+01,1.472751140594482422e+01,1.113064384460449219e+01,0.000000000000000000e+00,3.854990482330322266e+00,6.186790943145751953e+00,8.501436710357666016e+00,1.286242389678955078e+01,1.400705480575561523e+01,1.924643802642822266e+01,1.115438032150268555e+01,1.239051485061645508e+01,1.515256452560424805e+01,1.616328811645507812e+01,1.527833747863769531e+01,1.817333793640136719e+01,1.611704111099243164e+01,1.873327827453613281e+01,2.112431430816650391e+01,1.829834842681884766e+01,1.732113075256347656e+01,1.781642532348632812e+01,1.766432476043701172e+01,2.063918018341064453e+01,2.121459197998046875e+01,2.138963985443115234e+01,1.873174190521240234e+01,1.712014675140380859e+01,1.657561683654785156e+01,1.453349494934082031e+01,1.671659374237060547e+01,1.618517112731933594e+01,1.522488117218017578e+01
1.059991121292114258e+01,1.267603063583374023e+01,1.541496610641479492e+01,1.211646223068237305e+01,3.854990482330322266e+00,0.000000000000000000e+00,5.235529899597167969e+00,6.036376476287841797e+00,1.113426733016967773e+01,1.200253200531005859e+01,1.742174053192138672e+01,9.004938125610351562e+00,9.290463924407958984e+00,1.145178318023681641e+01,1.231419229507446289e+01,1.167437028884887695e+01,1.454612922668457031e+01,1.315828704833984375e+01,1.574775695800781250e+01,1.929673194885253906e+01,1.583637189865112305e+01,1.445680713653564453e+01,1.446560621261596680e+01,1.421595239639282227e+01,1.697163391113281250e+01,1.788709354400634766e+01,1.783240222930908203e+01,1.725990581512451172e+01,1.513673496246337891e+01,1.536161994934082031e+01,1.300632143020629883e+01,1.584157943725585938e+01,1.460668230056762695e+01,1.456037330627441406e+01
1.003091144561767578e+01,1.391846323013305664e+01,1.590179347991943359e+01,1.566015434265136719e+01,6.186790943145751953e+00,5.235529899597167969e+00,0.000000000000000000e+00,3.774432539939880371e+00,6.772472620010375977e+00,8.657154560089111328e+00,1.338528633117675781e+01,9.399431705474853516e+00,1.297972059249877930e+01,1.399358606338500977e+01,1.402148485183715820e+01,1.179201602935791016e+01,1.406964540481567383e+01,1.128542375564575195e+01,1.336272573471069336e+01,1.501538944244384766e+01,1.274658584594726562e+01,1.304885625839233398e+01,1.350905418395996094e+01,1.514019536972045898e+01,1.781947422027587891e+01,1.956856822967529297e+01,2.003214550018310547e+01,1.808425426483154297e+01,1.507357788085937500e+01,1.457932662963867188e+01,1.099729299545288086e+01,1.308454370498657227e+01,1.098465347290039062e+01,1.037540817260742188e+01
1.324257755279541016e+01,1.676804351806640625e+01,1.866086387634277344e+01,1.775142574310302734e+01,8.501436710357666016e+00,6.036376476287841797e+00,3.774432539939880371e+00,0.000000000000000000e+00,5.503170728683471680e+00,6.056337833404541016e+00,1.143209552764892578e+01,6.629456996917724609e+00,1.218447828292846680e+01,1.111504459381103516e+01,1.126419973373413086e+01,8.232101917266845703e+00,1.077725124359130859e+01,7.782670259475708008e+00,1.029979085922241211e+01,1.420977830886840820e+01,1.172033500671386719e+01,1.212474298477172852e+01,1.154404973983764648e+01,1.361199140548706055e+01,1.564565992355346680e+01,1.819509696960449219e+01,1.813344955444335938e+01,1.917279624938964844e+01,1.572179412841796875e+01,1.605003356933593750e+01,1.216392326354980469e+01,1.475664615631103516e+01,1.153842782974243164e+01,1.201461791992187500e+01
1.508573579788208008e+01,1.950052738189697266e+01,2.060150527954101562e+01,2.198756599426269531e+01,1.286242389678955078e+01,1.113426733016967773e+01,6.772472620010375977e+00,5.503170728683471680e+00,0.000000000000000000e+00,3.849234580993652344e+00,6.793172836303710938e+00,1.033285045623779297e+01,1.651993322372436523e+01,1.497653484344482422e+01,1.418806505203247070e+01,1.024136447906494141e+01,1.130246734619140625e+01,7.190026521682739258e+00,8.102702617645263672e+00,9.268519401550292969e+00,8.807848453521728516e+00,1.161573886871337891e+01,1.140713405609130859e+01,1.536835670471191406e+01,1.702697086334228516e+01,2.026842308044433594e+01,2.071007919311523438e+01,2.079794788360595703e+01,1.668228340148925781e+01,1.655392169952392578e+01,1.185009622573852539e+01,1.343124055862426758e+01,8.884943485260009766e+00,9.355934143066406250e+00
1.811261081695556641e+01,2.222465038299560547e+01,2.369598388671875000e+01,2.376855468750000000e+01,1.400705480575561523e+01,1.200253200531005859e+01,8.657154560089111328e+00,6.056337833404541016e+00,3.849234580993652344e+00,0.000000000000000000e+00,5.837235450744628906e+00,8.040513038635253906e+00,1.726506805419921875e+01,1.385067224502563477e+01,1.372482728958129883e+01,8.797936916351318359e+00,1.037841320037841797e+01,4.876647233963012695e+00,6.976716518402099609e+00,1.137838935852050781e+01,1.122800064086914062e+01,1.383929395675659180e+01,1.258924341201782227e+01,1.650964355468750000e+01,1.751043415069580078e+01,2.130633926391601562e+01,2.107051563262939453e+01,2.356776809692382812e+01,1.946865749359130859e+01,1.980281734466552734e+01,1.521679210662841797e+01,1.712657070159912109e+01,1.242331218719482422e+01,1.317807054519653320e+01
2.165806484222412109e+01,2.619074249267578125e+01,2.703491973876953125e+01,2.870089530944824219e+01,1.924643802642822266e+01,1.742174053192138672e+01,1.338528633117675781e+01,1.143209552764892578e+01,6.793172836303710938e+00,5.837235450744628906e+00,0.000000000000000000e+00,1.360586118698120117e+01,2.195357513427734375e+01,1.836913967132568359e+01,1.749054050445556641e+01,1.259021997451782227e+01,1.255327653884887695e+01,7.785431385040283203e+00,7.061214923858642578e+00,8.182166099548339844e+00,1.090217494964599609e+01,1.523800086975097656e+01,1.417447185516357422e+01,1.925522708892822266e+01,1.973498535156250000e+01,2.402259635925292969e+01,2.413594627380371094e+01,2.629883766174316406e+01,2.180562114715576172e+01,2.195393371582031250e+01,1.713183784484863281e+01,1.817649364471435547e+01,1.284696435928344727e+01,1.379323625564575195e+01
1.880078601837158203e+01,2.159683609008789062e+01,2.409985160827636719e+01,2.070008277893066406e+01,1.115438032150268555e+01,9.004938125610351562e+00,9.399431705474853516e+00,6.629456996917724609e+00,1.033285045623779297e+01,8.040513038635253906e+00,1.360586118698120117e+01,0.000000000000000000e+00,1.438159751892089844e+01,1.009150743484497070e+01,1.218215274810791016e+01,8.476845741271972656e+00,1.209263658523559570e+01,8.583578109741210938e+00,1.227819538116455078e+01,1.897484874725341797e+01,1.706107711791992188e+01,1.740533828735351562e+01,1.564732170104980469e+01,1.718704795837402344e+01,1.822007369995117188e+01,2.122171115875244141e+01,1.995787620544433594e+01,2.452808380126953125e+01,2.136952686309814453e+01,2.220290565490722656e+01,1.859641551971435547e+01,2.136156654357910156e+01,1.788054466247558594e+01,1.847392845153808594e+01
1.465693664550781250e+01,1.454050493240356445e+01,1.628529834747314453e+01,1.265967130661010742e+01,1.239051485061645508e+01,9.290463924407958984e+00,1.297972059249877930e+01,1.218447828292846680e+01,1.651993322372436523e+01,1.726506805419921875e+01,2.195357513427734375e+01,1.438159751892089844e+01,0.000000000000000000e+00,8.375425815582275391e+00,8.015671730041503906e+00,1.172747659683227539e+01,1.327522850036621094e+01,1.572849607467651367e+01,1.732195281982421875e+01,2.216087341308593750e+01,1.675953292846679688e+01,1.273955392837524414e+01,1.221956729888916016e+01,8.479414463043212891e+00,1.103355836868286133e+01,1.009407234191894531e+01,9.693367958068847656e+00,1.326694869995117188e+01,1.204082727432250977e+01,1.430665111541748047e+01,1.380934762954711914e+01,1.751440525054931641e+01,1.696185493469238281e+01,1.856146430969238281e+01
2.022244071960449219e+01,2.155757808685302734e+01,2.346240711212158203e+01,1.979991912841796875e+01,1.515256452560424805e+01,1.145178318023681641e+01,1.399358606338500977e+01,1.111504459381103516e+01,1.497653484344482422e+01,1.385067224502563477e+01,1.836913967132568359e+01,1.009150743484497070e+01,8.375425815582275391e+00,0.000000000000000000e+00,3.850783348083496094e+00,5.964396953582763672e+00,8.301018238067626953e+00,1.076021528244018555e+01,1.293788766860961914e+01,2.096113109588623047e+01,1.656635856628417969e+01,1.423865318298339844e+01,1.158789205551147461e+01,1.042218351364135742e+01,1.043407964706420898e+01,1.295194578170776367e+01,1.065625047683715820e+01,2.027869033813476562e+01,1.760621643066406250e+01,2.001712512969970703e+01,1.773261833190917969e+01,2.141153240203857422e+01,1.863190269470214844e+01,2.073309326171875000e+01
1.942812442779541016e+01,2.094552040100097656e+01,2.226322937011718750e+01,2.019779014587402344e+01,1.616328811645507812e+01,1.231419229507446289e+01,1.402148485183715820e+01,1.126419973373413086e+01,1.418806505203247070e+01,1.372482728958129883e+01,1.749054050445556641e+01,1.218215274810791016e+01,8.015671730041503906e+00,3.850783348083496094e+00,0.000000000000000000e+00,5.492433071136474609e+00,6.115434885025024414e+00,1.024934625625610352e+01,1.137140130996704102e+01,1.871710300445556641e+01,1.378766489028930664e+01,1.096859073638916016e+01,8.150849819183349609e+00,6.899445295333862305e+00,6.702609777450561523e+00,9.822623252868652344e+00,8.034913778305053711e+00,1.786880970001220703e+01,1.483581829071044922e+01,1.756241416931152344e+01,1.534796571731567383e+01,1.903672313690185547e+01,1.626235008239746094e+01,1.885503768920898438e+01
1.959726524353027344e+01,2.223531436920166016e+01,2.372940158843994141e+01,2.218157386779785156e+01,1.527833747863769531e+01,1.167437028884887695e+01,1.179201602935791016e+01,8.232101917266845703e+00,1.024136447906494141e+01,8.797936916351318359e+00,1.259021997451782227e+01,8.476845741271972656e+00,1.172747659683227539e+01,5.964396953582763672e+00,5.492433071136474609e+00,0.000000000000000000e+00,3.803038716316223145e+00,4.962196111679077148e+00,7.040437459945678711e+00,1.559734773635864258e+01,1.210685014724731445e+01,1.155515956878662109e+01,8.568290233612060547e+00,1.056067466735839844e+01,1.048143720626831055e+01,1.457326650619506836e+01,1.328887510299682617e+01,2.083017063140869141e+01,1.709584522247314453e+01,1.903412723541259766e+01,1.557225799560546875e+01,1.882175064086914062e+01,1.485337305068969727e+01,1.712042903900146484e+01
2.101137065887451172e+01,2.373524665832519531e+01,2.468300342559814453e+01,2.433581733703613281e+01,1.817333793640136719e+01,1.454612922668457031e+01,1.406964540481567383e+01,1.077725124359130859e+01,1.130246734619140625e+01,1.037841320037841797e+01,1.255327653884887695e+01,1.209263658523559570e+01,1.327522850036621094e+01,8.301018238067626953e+00,6.115434885025024414e+00,3.803038716316223145e+00,0.000000000000000000e+00,5.953662633895874023e+00,5.715351104736328125e+00,1.417866373062133789e+01,1.043417119979858398e+01,9.960148811340332031e+00,6.371031284332275391e+00,9.396768093109130859e+00,8.422356128692626953e+00,1.329654407501220703e+01,1.233468103408813477e+01,2.052070617675781250e+01,1.647634983062744141e+01,1.871926784515380859e+01,1.530615043640136719e+01,1.840552234649658203e+01,1.419463253021240234e+01,1.709837341308593750e+01
2.014874935150146484e+01,2.369377517700195312e+01,2.502549934387207031e+01,2.463791942596435547e+01,1.611704111099243164e+01,1.315828704833984375e+01,1.128542375564575195e+01,7.782670259475708008e+00,7.190026521682739258e+00,4.876647233963012695e+00,7.785431385040283203e+00,8.583578109741210938e+00,1.572849607467651367e+01,1.076021528244018555e+01,1.024934625625610352e+01,4.962196111679077148e+00,5.953662633895874023e+00,0.000000000000000000e+00,3.791657447814941406e+00,1.231218528747558594e+01,1.073106813430786133e+01,1.242065000534057617e+01,9.979274272918701172e+00,1.384321832656860352e+01,1.394197607040405273e+01,1.834041976928710938e+01,1.762635326385498047e+01,2.306841373443603516e+01,1.886951160430908203e+01,2.010514354705810547e+01,1.583512353897094727e+01,1.837514591217041016e+01,1.353778553009033203e+01,1.544754362106323242e+01
2.123186779022216797e+01,2.493498706817626953e+01,2.572952079772949219e+01,2.660235214233398438e+01,1.873327827453613281e+01,1.574775695800781250e+01,1.336272573471069336e+01,1.029979085922241211e+01,8.102702617645263672e+00,6.976716518402099609e+00,7.061214923858642578e+00,1.227819538116455078e+01,1.732195281982421875e+01,1.293788766860961914e+01,1.137140130996704102e+01,7.040437459945678711e+00,5.715351104736328125e+00,3.791657447814941406e+00,0.000000000000000000e+00,9.833715438842773438e+00,8.553152084350585938e+00,1.106251525878906250e+01,8.596926212310791016e+00,1.349148321151733398e+01,1.318929719924926758e+01,1.793218421936035156e+01,1.765116596221923828e+01,2.285401535034179688e+01,1.835382366180419922e+01,1.967701148986816406e+01,1.534988260269165039e+01,1.757654857635498047e+01,1.238668298721313477e+01,1.487819433212280273e+01
1.980436992645263672e+01,2.431805992126464844e+01,2.398993873596191406e+01,2.836454772949218750e+01,2.112431430816650391e+01,1.929673194885253906e+01,1.501538944244384766e+01,1.420977830886840820e+01,9.268519401550292969e+00,1.137838935852050781e+01,8.182166099548339844e+00,1.897484874725341797e+01,2.216087341308593750e+01,2.096113109588623047e+01,1.871710300445556641e+01,1.559734773635864258e+01,1.417866373062133789e+01,1.231218528747558594e+01,9.833715438842773438e+00,0.000000000000000000e+00,6.123465538024902344e+00,1.147028589248657227e+01,1.209913158416748047e+01,1.741337680816650391e+01,1.834342384338378906e+01,2.185280704498291016e+01,2.319729804992675781e+01,2.217664623260498047e+01,1.759707641601562500e+01,1.735635185241699219e+01,1.289767026901245117e+01,1.285056209564208984e+01,7.778799057006835938e+00,9.514442443847656250e+00
1.664488410949707031e+01,2.045607852935791016e+01,2.011297512054443359e+01,2.400875568389892578e+01,1.829834842681884766e+01,1.583637189865112305e+01,1.274658584594726562e+01,1.172033500671386719e+01,8.807848453521728516e+00,1.122800064086914062e+01,1.090217494964599609e+01,1.706107711791992188e+01,1.675953292846679688e+01,1.656635856628417969e+01,1.378766489028930664e+01,1.210685014724731445e+01,1.043417119979858398e+01,1.073106813430786133e+01,8.553152084350585938e+00,6.123465538024902344e+00,0.000000000000000000e+00,5.364782094955444336e+00,6.436339378356933594e+00,1.141453218460083008e+01,1.273010635375976562e+01,1.581875133514404297e+01,1.738710021972656250e+01,1.681816196441650391e+01,1.210951805114746094e+01,1.272737073898315430e+01,8.499179363250732422e+00,9.923600673675537109e+00,5.026363134384155273e+00,8.594606876373291016e+00
1.518079710006713867e+01,1.788916587829589844e+01,1.746556568145751953e+01,2.083497142791748047e+01,1.732113075256347656e+01,1.445680713653564453e+01,1.304885625839233398e+01,1.212474298477172852e+01,1.161573886871337891e+01,1.383929395675659180e+01,1.523800086975097656e+01,1.740533828735351562e+01,1.273955392837524414e+01,1.423865318298339844e+01,1.096859073638916016e+01,1.155515956878662109e+01,9.960148811340332031e+00,1.242065000534057617e+01,1.106251525878906250e+01,1.147028589248657227e+01,5.364782094955444336e+00,0.000000000000000000e+00,3.811301708221435547e+00,6.590865373611450195e+00,8.757709026336669922e+00,1.075622177124023438e+01,1.280719566345214844e+01,1.239320421218872070e+01,7.736147403717041016e+00,9.661914825439453125e+00,6.781126976013183594e+00,9.649849414825439453e+00,7.210384607315063477e+00,1.071645593643188477e+01
1.760954093933105469e+01,2.023550891876220703e+01,2.033659839630126953e+01,2.217075729370117188e+01,1.781642532348632812e+01,1.446560621261596680e+01,1.350905418395996094e+01,1.154404973983764648e+01,1.140713405609130859e+01,1.258924341201782227e+01,1.417447185516357422e+01,1.564732170104980469e+01,1.221956729888916016e+01,1.158789205551147461e+01,8.150849819183349609e+00,8.568290233612060547e+00,6.371031284332275391e+00,9.979274272918701172e+00,8.596926212310791016e+00,1.209913158416748047e+01,6.436339378356933594e+00,3.811301708221435547e+00,0.000000000000000000e+00,5.644771575927734375e+00,6.407313823699951172e+00,1.011041212081909180e+01,1.110092067718505859e+01,1.515063524246215820e+01,1.078217792510986328e+01,1.312758350372314453e+01,1.015210914611816406e+01,1.319135522842407227e+01,9.843366146087646484e+00,1.330788183212280273e+01
1.727128791809082031e+01,1.848112869262695312e+01,1.866979694366455078e+01,1.931795024871826172e+01,1.766432476043701172e+01,1.421595239639282227e+01,1.514019536972045898e+01,1.361199140548706055e+01,1.536835670471191406e+01,1.650964355468750000e+01,1.925522708892822266e+01,1.718704795837402344e+01,8.479414463043212891e+00,1.042218351364135742e+01,6.899445295333862305e+00,1.056067466735839844e+01,9.396768093109130859e+00,1.384321832656860352e+01,1.349148321151733398e+01,1.741337680816650391e+01,1.141453218460083008e+01,6.590865373611450195e+00,5.644771575927734375e+00,0.000000000000000000e+00,3.896541118621826172e+00,4.909303188323974609e+00,6.333935260772705078e+00,1.216698026657104492e+01,8.991392612457275391e+00,1.235928726196289062e+01,1.127759599685668945e+01,1.483403778076171875e+01,1.335161590576171875e+01,1.638628101348876953e+01
2.103003120422363281e+01,2.233839035034179688e+01,2.255792427062988281e+01,2.280267715454101562e+01,2.063918018341064453e+01,1.697163391113281250e+01,1.781947422027587891e+01,1.564565992355346680e+01,1.702697086334228516e+01,1.751043415069580078e+01,1.973498535156250000e+01,1.822007369995117188e+01,1.103355836868286133e+01,1.043407964706420898e+01,6.702609777450561523e+00,1.048143720626831055e+01,8.422356128692626953e+00,1.394197607040405273e+01,1.318929719924926758e+01,1.834342384338378906e+01,1.273010635375976562e+01,8.757709026336669922e+00,6.407313823699951172e+00,3.896541118621826172e+00,0.000000000000000000e+00,5.337601423263549805e+00,5.229467153549194336e+00,1.562046003341674805e+01,1.250931453704833984e+01,1.593820571899414062e+01,1.459691476821899414e+01,1.797306823730468750e+01,1.578045511245727539e+01,1.913046836853027344e+01
2.035337829589843750e+01,2.050459289550781250e+01,2.042389297485351562e+01,2.064282798767089844e+01,2.121459197998046875e+01,1.788709354400634766e+01,1.956856822967529297e+01,1.819509696960449219e+01,2.026842308044433594e+01,2.130633926391601562e+01,2.402259635925292969e+01,2.122171115875244141e+01,1.009407234191894531e+01,1.295194578170776367e+01,9.822623252868652344e+00,1.457326650619506836e+01,1.329654407501220703e+01,1.834041976928710938e+01,1.793218421936035156e+01,2.185280704498291016e+01,1.581875133514404297e+01,1.075622177124023438e+01,1.011041212081909180e+01,4.909303188323974609e+00,5.337601423263549805e+00,0.000000000000000000e+00,3.833388328552246094e+00,1.241474580764770508e+01,1.079317092895507812e+01,1.456785392761230469e+01,1.490052747726440430e+01,1.823784828186035156e+01,1.764272308349609375e+01,2.064793300628662109e+01
2.217683696746826172e+01,2.234747600555419922e+01,2.283175945281982422e+01,2.148646736145019531e+01,2.138963985443115234e+01,1.783240222930908203e+01,2.003214550018310547e+01,1.813344955444335938e+01,2.071007919311523438e+01,2.107051563262939453e+01,2.413594627380371094e+01,1.995787620544433594e+01,9.693367958068847656e+00,1.065625047683715820e+01,8.034913778305053711e+00,1.328887510299682617e+01,1.233468103408813477e+01,1.762635326385498047e+01,1.765116596221923828e+01,2.319729804992675781e+01,1.738710021972656250e+01,1.280719566345214844e+01,1.110092067718505859e+01,6.333935260772705078e+00,5.229467153549194336e+00,3.833388328552246094e+00,0.000000000000000000e+00,1.565715312957763672e+01,1.396552276611328125e+01,1.761725902557373047e+01,1.736958980560302734e+01,2.093947601318359375e+01,1.967696666717529297e+01,2.266309833526611328e+01
1.263154697418212891e+01,1.167664289474487305e+01,9.774474143981933594e+00,1.496010017395019531e+01,1.873174190521240234e+01,1.725990581512451172e+01,1.808425426483154297e+01,1.917279624938964844e+01,2.079794788360595703e+01,2.356776809692382812e+01,2.629883766174316406e+01,2.452808380126953125e+01,1.326694869995117188e+01,2.027869033813476562e+01,1.786880970001220703e+01,2.083017063140869141e+01,2.052070617675781250e+01,2.306841373443603516e+01,2.285401535034179688e+01,2.217664623260498047e+01,1.681816196441650391e+01,1.239320421218872070e+01,1.515063524246215820e+01,1.216698026657104492e+01,1.562046003341674805e+01,1.241474580764770508e+01,1.565715312957763672e+01,0.000000000000000000e+00,4.739847660064697266e+00,5.734210968017578125e+00,9.930492401123046875e+00,1.164708709716796875e+01,1.496780920028686523e+01,1.618236827850341797e+01
1.189670705795288086e+01,1.279490184783935547e+01,1.143308925628662109e+01,1.638576030731201172e+01,1.712014675140380859e+01,1.513673496246337891e+01,1.507357788085937500e+01,1.572179412841796875e+01,1.668228340148925781e+01,1.946865749359130859e+01,2.180562114715576172e+01,2.136952686309814453e+01,1.204082727432250977e+01,1.760621643066406250e+01,1.483581829071044922e+01,1.709584522247314453e+01,1.647634983062744141e+01,1.886951160430908203e+01,1.835382366180419922e+01,1.759707641601562500e+01,1.210951805114746094e+01,7.736147403717041016e+00,1.078217792510986328e+01,8.991392612457275391e+00,1.250931453704833984e+01,1.079317092895507812e+01,1.396552276611328125e+01,4.739847660064697266e+00,0.000000000000000000e+00,3.813763260841369629e+00,6.058717966079711914e+00,8.530669212341308594e+00,1.068930339813232422e+01,1.255755758285522461e+01
9.559665203094482422e+00,1.094725847244262695e+01,8.977787494659423828e+00,1.596324539184570312e+01,1.657561683654785156e+01,1.536161994934082031e+01,1.457932662963867188e+01,1.605003356933593750e+01,1.655392169952392578e+01,1.980281734466552734e+01,2.195393371582031250e+01,2.220290565490722656e+01,1.430665111541748047e+01,2.001712512969970703e+01,1.756241416931152344e+01,1.903412723541259766e+01,1.871926784515380859e+01,2.010514354705810547e+01,1.967701148986816406e+01,1.735635185241699219e+01,1.272737073898315430e+01,9.661914825439453125e+00,1.312758350372314453e+01,1.235928726196289062e+01,1.593820571899414062e+01,1.456785392761230469e+01,1.761725902557373047e+01,5.734210968017578125e+00,3.813763260841369629e+00,0.000000000000000000e+00,4.858732938766479492e+00,5.929972410202026367e+00,9.812426090240478516e+00,1.061361932754516602e+01
9.341180324554443359e+00,1.257379484176635742e+01,1.170223903656005859e+01,1.722690296173095703e+01,1.453349494934082031e+01,1.300632143020629883e+01,1.099729299545288086e+01,1.216392326354980469e+01,1.185009622573852539e+01,1.521679210662841797e+01,1.713183784484863281e+01,1.859641551971435547e+01,1.380934762954711914e+01,1.773261833190917969e+01,1.534796571731567383e+01,1.557225799560546875e+01,1.530615043640136719e+01,1.583512353897094727e+01,1.534988260269165039e+01,1.289767026901245117e+01,8.499179363250732422e+00,6.781126976013183594e+00,1.015210914611816406e+01,1.127759599685668945e+01,1.459691476821899414e+01,1.490052747726440430e+01,1.736958980560302734e+01,9.930492401123046875e+00,6.058717966079711914e+00,4.858732938766479492e+00,0.000000000000000000e+00,3.820734262466430664e+00,5.251365900039672852e+00,6.539315462112426758e+00
1.006404256820678711e+01,1.362109041213989258e+01,1.204960536956787109e+01,1.931179618835449219e+01,1.671659374237060547e+01,1.584157943725585938e+01,1.308454370498657227e+01,1.475664615631103516e+01,1.343124055862426758e+01,1.712657070159912109e+01,1.817649364471435547e+01,2.136156654357910156e+01,1.751440525054931641e+01,2.141153240203857422e+01,1.903672313690185547e+01,1.882175064086914062e+01,1.840552234649658203e+01,1.837514591217041016e+01,1.757654857635498047e+01,1.285056209564208984e+01,9.923600673675537109e+00,9.649849414825439453e+00,1.319135522842407227e+01,1.483403778076171875e+01,1.797306823730468750e+01,1.823784828186035156e+01,2.093947601318359375e+01,1.164708709716796875e+01,8.530669212341308594e+00,5.929972410202026367e+00,3.820734262466430664e+00,0.000000000000000000e+00,5.515899181365966797e+00,5.343175649642944336e+00
1.267772817611694336e+01,1.687874031066894531e+01,1.628834152221679688e+01,2.144067287445068359e+01,1.618517112731933594e+01,1.460668230056762695e+01,1.098465347290039062e+01,1.153842782974243164e+01,8.884943485260009766e+00,1.242331218719482422e+01,1.284696435928344727e+01,1.788054466247558594e+01,1.696185493469238281e+01,1.863190269470214844e+01,1.626235008239746094e+01,1.485337305068969727e+01,1.419463253021240234e+01,1.353778553009033203e+01,1.238668298721313477e+01,7.778799057006835938e+00,5.026363134384155273e+00,7.210384607315063477e+00,9.843366146087646484e+00,1.335161590576171875e+01,1.578045511245727539e+01,1.764272308349609375e+01,1.967696666717529297e+01,1.496780920028686523e+01,1.068930339813232422e+01,9.812426090240478516e+00,5.251365900039672852e+00,5.515899181365966797e+00,0.000000000000000000e+00,3.823598504066467285e+00
1.099721479415893555e+01,1.570135736465454102e+01,1.519548130035400391e+01,2.083333110809326172e+01,1.522488117218017578e+01,1.456037330627441406e+01,1.037540817260742188e+01,1.201461791992187500e+01,9.355934143066406250e+00,1.317807054519653320e+01,1.379323625564575195e+01,1.847392845153808594e+01,1.856146430969238281e+01,2.073309326171875000e+01,1.885503768920898438e+01,1.712042903900146484e+01,1.709837341308593750e+01,1.544754362106323242e+01,1.487819433212280273e+01,9.514442443847656250e+00,8.594606876373291016e+00,1.071645593643188477e+01,1.330788183212280273e+01,1.638628101348876953e+01,1.913046836853027344e+01,2.064793300628662109e+01,2.266309833526611328e+01,1.618236827850341797e+01,1.255755758285522461e+01,1.061361932754516602e+01,6.539315462112426758e+00,5.343175649642944336e+00,3.823598504066467285e+00,0.000000000000000000e+00
