0.000000000000000000e+00,1.525900173187255859e+01,2.366044807434082031e+01,2.523471832275390625e+01,2.323344612121582031e+01,1.264060401916503906e+01,1.296450805664062500e+01,1.124492168426513672e+01,1.983454132080078125e+01,2.751148796081542969e+01,2.954581451416015625e+01,2.057574844360351562e+01,1.601628684997558594e+01
1.525900173187255859e+01,0.000000000000000000e+00,9.407379150390625000e+00,1.701894378662109375e+01,2.106725502014160156e+01,2.021829986572265625e+01,2.232841110229492188e+01,1.260135650634765625e+01,1.248446750640869141e+01,1.596700000762939453e+01,2.262333488464355469e+01,2.062013816833496094e+01,1.971175575256347656e+01
2.366044807434082031e+01,9.407379150390625000e+00,0.000000000000000000e+00,1.246549034118652344e+01,2.054571723937988281e+01,2.483361053466796875e+01,2.845383834838867188e+01,1.881708526611328125e+01,1.148590946197509766e+01,1.023369026184082031e+01,1.748928642272949219e+01,2.082463455200195312e+01,2.275720024108886719e+01
2.523471832275390625e+01,1.701894378662109375e+01,1.246549034118652344e+01,0.000000000000000000e+00,1.019972324371337891e+01,1.995302963256835938e+01,2.912111091613769531e+01,2.284165954589843750e+01,1.374079799652099609e+01,1.664196205139160156e+01,1.144214820861816406e+01,1.278238391876220703e+01,2.022453689575195312e+01
2.323344612121582031e+01,2.106725502014160156e+01,2.054571723937988281e+01,1.019972324371337891e+01,0.000000000000000000e+00,1.466712665557861328e+01,2.838550376892089844e+01,2.501385688781738281e+01,1.979634857177734375e+01,2.556857681274414062e+01,1.832523536682128906e+01,1.103673934936523438e+01,2.017576026916503906e+01
1.264060401916503906e+01,2.021829986572265625e+01,2.483361053466796875e+01,1.995302963256835938e+01,1.466712665557861328e+01,0.000000000000000000e+00,1.568744564056396484e+01,1.689709663391113281e+01,1.898638916015625000e+01,2.776741790771484375e+01,2.347619819641113281e+01,1.097198200225830078e+01,1.140574550628662109e+01
1.296450805664062500e+01,2.232841110229492188e+01,2.845383834838867188e+01,2.912111091613769531e+01,2.838550376892089844e+01,1.568744564056396484e+01,0.000000000000000000e+00,1.061091232299804688e+01,1.952408599853515625e+01,2.753161811828613281e+01,2.828679466247558594e+01,2.046827125549316406e+01,1.070134830474853516e+01
1.124492168426513672e+01,1.260135650634765625e+01,1.881708526611328125e+01,2.284165954589843750e+01,2.501385688781738281e+01,1.689709663391113281e+01,1.061091232299804688e+01,0.000000000000000000e+00,1.190832901000976562e+01,1.881055259704589844e+01,2.345725440979003906e+01,1.897785186767578125e+01,1.173763942718505859e+01
1.983454132080078125e+01,1.248446750640869141e+01,1.148590946197509766e+01,1.374079799652099609e+01,1.979634857177734375e+01,1.898638916015625000e+01,1.952408599853515625e+01,1.190832901000976562e+01,0.000000000000000000e+00,9.042459487915039062e+00,1.230775260925292969e+01,1.393335437774658203e+01,1.259513282775878906e+01
2.751148796081542969e+01,1.596700000762939453e+01,1.023369026184082031e+01,1.664196205139160156e+01,2.556857681274414062e+01,2.776741790771484375e+01,2.753161811828613281e+01,1.881055259704589844e+01,9.042459487915039062e+00,0.000000000000000000e+00,1.397846317291259766e+01,2.154358291625976562e+01,2.131167793273925781e+01
2.954581451416015625e+01,2.262333488464355469e+01,1.748928642272949219e+01,1.144214820861816406e+01,1.832523536682128906e+01,2.347619819641113281e+01,2.828679466247558594e+01,2.345725440979003906e+01,1.230775260925292969e+01,1.397846317291259766e+01,0.000000000000000000e+00,1.321233367919921875e+01,1.823380279541015625e+01
2.057574844360351562e+01,2.062013816833496094e+01,2.082463455200195312e+01,1.278238391876220703e+01,1.103673934936523438e+01,1.097198200225830078e+01,2.046827125549316406e+01,1.897785186767578125e+01,1.393335437774658203e+01,2.154358291625976562e+01,1.321233367919921875e+01,0.000000000000000000e+00,1.048785686492919922e+01
1.601628684997558594e+01,1.971175575256347656e+01,2.275720024108886719e+01,2.022453689575195312e+01,2.017576026916503906e+01,1.140574550628662109e+01,1.070134830474853516e+01,1.173763942718505859e+01,1.259513282775878906e+01,2.131167793273925781e+01,1.823380279541015625e+01,1.048785686492919922e+01,0.000000000000000000e+00
