0.000000000000000000e+00,1.550301074981689453e+01,2.396312332153320312e+01,2.523476600646972656e+01,2.398884773254394531e+01,1.364555740356445312e+01,1.265859508514404297e+01,1.134200954437255859e+01,2.048891639709472656e+01,2.793315505981445312e+01,2.973147392272949219e+01,2.147722816467285156e+01,1.636454582214355469e+01
1.550301074981689453e+01,0.000000000000000000e+00,9.369255065917968750e+00,1.642163658142089844e+01,2.146648406982421875e+01,2.029774475097656250e+01,2.240309333801269531e+01,1.289282608032226562e+01,1.284237194061279297e+01,1.612618637084960938e+01,2.217278289794921875e+01,2.087362289428710938e+01,1.973370742797851562e+01
2.396312332153320312e+01,9.369255065917968750e+00,0.000000000000000000e+00,1.220104885101318359e+01,2.108455848693847656e+01,2.475587272644042969e+01,2.843709564208984375e+01,1.889476776123046875e+01,1.159421443939208984e+01,1.030213546752929688e+01,1.696963119506835938e+01,2.095547676086425781e+01,2.265354347229003906e+01
2.523476600646972656e+01,1.642163658142089844e+01,1.220104885101318359e+01,0.000000000000000000e+00,1.035581684112548828e+01,1.926750755310058594e+01,2.864501953125000000e+01,2.252592849731445312e+01,1.395708179473876953e+01,1.705474662780761719e+01,1.173865509033203125e+01,1.280170726776123047e+01,1.981375122070312500e+01
2.398884773254394531e+01,2.146648406982421875e+01,2.108455848693847656e+01,1.035581684112548828e+01,0.000000000000000000e+00,1.392106151580810547e+01,2.786394691467285156e+01,2.513762092590332031e+01,2.033754158020019531e+01,2.619182777404785156e+01,1.827323722839355469e+01,1.070639228820800781e+01,1.953841590881347656e+01
1.364555740356445312e+01,2.029774475097656250e+01,2.475587272644042969e+01,1.926750755310058594e+01,1.392106151580810547e+01,0.000000000000000000e+00,1.567977428436279297e+01,1.720714378356933594e+01,1.939934921264648438e+01,2.805916595458984375e+01,2.318450736999511719e+01,1.095628452301025391e+01,1.127005577087402344e+01
1.265859508514404297e+01,2.240309333801269531e+01,2.843709564208984375e+01,2.864501953125000000e+01,2.786394691467285156e+01,1.567977428436279297e+01,0.000000000000000000e+00,1.062667369842529297e+01,1.972116088867187500e+01,2.786689186096191406e+01,2.805612373352050781e+01,2.040438842773437500e+01,1.078421497344970703e+01
1.134200954437255859e+01,1.289282608032226562e+01,1.889476776123046875e+01,2.252592849731445312e+01,2.513762092590332031e+01,1.720714378356933594e+01,1.062667369842529297e+01,0.000000000000000000e+00,1.202588844299316406e+01,1.895436477661132812e+01,2.305196380615234375e+01,1.916711807250976562e+01,1.178992271423339844e+01
2.048891639709472656e+01,1.284237194061279297e+01,1.159421443939208984e+01,1.395708179473876953e+01,2.033754158020019531e+01,1.939934921264648438e+01,1.972116088867187500e+01,1.202588844299316406e+01,0.000000000000000000e+00,9.033175468444824219e+00,1.182937335968017578e+01,1.434511947631835938e+01,1.278868865966796875e+01
2.793315505981445312e+01,1.612618637084960938e+01,1.030213546752929688e+01,1.705474662780761719e+01,2.619182777404785156e+01,2.805916595458984375e+01,2.786689186096191406e+01,1.895436477661132812e+01,9.033175468444824219e+00,0.000000000000000000e+00,1.381109714508056641e+01,2.194977760314941406e+01,2.163911628723144531e+01
2.973147392272949219e+01,2.217278289794921875e+01,1.696963119506835938e+01,1.173865509033203125e+01,1.827323722839355469e+01,2.318450736999511719e+01,2.805612373352050781e+01,2.305196380615234375e+01,1.182937335968017578e+01,1.381109714508056641e+01,0.000000000000000000e+00,1.310097694396972656e+01,1.798155021667480469e+01
2.147722816467285156e+01,2.087362289428710938e+01,2.095547676086425781e+01,1.280170726776123047e+01,1.070639228820800781e+01,1.095628452301025391e+01,2.040438842773437500e+01,1.916711807250976562e+01,1.434511947631835938e+01,2.194977760314941406e+01,1.310097694396972656e+01,0.000000000000000000e+00,1.027204895019531250e+01
1.636454582214355469e+01,1.973370742797851562e+01,2.265354347229003906e+01,1.981375122070312500e+01,1.953841590881347656e+01,1.127005577087402344e+01,1.078421497344970703e+01,1.178992271423339844e+01,1.278868865966796875e+01,2.163911628723144531e+01,1.798155021667480469e+01,1.027204895019531250e+01,0.000000000000000000e+00
