0.000000000000000000e+00,1.345648635776682340e+02,3.960255514668631349e+01,1.382832596478932601e+02,5.194666604760154627e+01,1.540440819720147942e+02,1.603625292882577469e+02,1.353944822411965809e+01,1.410278223907539541e+02,3.406584157132806467e+01,1.385924240359016721e+02,4.977444697364120429e+01,1.445645602866355546e+02
1.345648635776682340e+02,0.000000000000000000e+00,1.684902851244878264e+02,3.003801234804279829e+01,1.396011738700474325e+02,5.066888854781053197e+01,4.669323816611919398e+01,1.480711395903799428e+02,1.109915148846040545e+01,1.493609352343160595e+02,1.366363444095791913e+01,1.433381180710544811e+02,4.887934461098659256e+01
3.960255514668631349e+01,1.684902851244878264e+02,0.000000000000000000e+00,1.610341574280109285e+02,3.034215143980408058e+01,1.400137302872794862e+02,1.432725905598689451e+02,2.702088704802622487e+01,1.622318374943004926e+02,1.914707143105298215e+01,1.766612421263085082e+02,2.655317603252105485e+01,1.425649978617135787e+02
1.382832596478932601e+02,3.003801234804279829e+01,1.610341574280109285e+02,0.000000000000000000e+00,1.673566679045576109e+02,2.897331925744817127e+01,2.907890292670515819e+01,1.462333082036402914e+02,3.627093196328546298e+01,1.722725249006373645e+02,1.637774448070562627e+01,1.707934955574978062e+02,2.195379506438966999e+01
5.194666604760154627e+01,1.396011738700474325e+02,3.034215143980408058e+01,1.673566679045576109e+02,0.000000000000000000e+00,1.466386117482333304e+02,1.440883554874646677e+02,4.572198962712943171e+01,1.319233419210079319e+02,1.875744348540882100e+01,1.527181313627439749e+02,3.789226234628107370e+00,1.568688246341756383e+02
1.540440819720147942e+02,5.066888854781053197e+01,1.400137302872794862e+02,2.897331925744817127e+01,1.466386117482333304e+02,0.000000000000000000e+00,6.657713051322323494e+00,1.503286471498977619e+02,5.040825920130930626e+01,1.571672235225733232e+02,3.951938358175578259e+01,1.470285150245292130e+02,1.110666401155468286e+01
1.603625292882577469e+02,4.669323816611919398e+01,1.432725905598689451e+02,2.907890292670515819e+01,1.440883554874646677e+02,6.657713051322323494e+00,0.000000000000000000e+00,1.567985868400372738e+02,4.519595079931165316e+01,1.580911852510211020e+02,3.681977052789560645e+01,1.452018337597999960e+02,1.602182959291366160e+01
1.353944822411965809e+01,1.480711395903799428e+02,2.702088704802622487e+01,1.462333082036402914e+02,4.572198962712943171e+01,1.503286471498977619e+02,1.567985868400372738e+02,0.000000000000000000e+00,1.542697724854238004e+02,2.697047365559659582e+01,1.507161770649459243e+02,4.277531295468917705e+01,1.443178448068920545e+02
1.410278223907539541e+02,1.109915148846040545e+01,1.622318374943004926e+02,3.627093196328546298e+01,1.319233419210079319e+02,5.040825920130930626e+01,4.519595079931165316e+01,1.542697724854238004e+02,0.000000000000000000e+00,1.455800218180380909e+02,2.096699535624767918e+01,1.357090609401160464e+02,5.138874965367934777e+01
3.406584157132806467e+01,1.493609352343160595e+02,1.914707143105298215e+01,1.722725249006373645e+02,1.875744348540882100e+01,1.571672235225733232e+02,1.580911852510211020e+02,2.697047365559659582e+01,1.455800218180380909e+02,0.000000000000000000e+00,1.623045469467728026e+02,1.598088943379717186e+01,1.616671296479069042e+02
1.385924240359016721e+02,1.366363444095791913e+01,1.766612421263085082e+02,1.637774448070562627e+01,1.527181313627439749e+02,3.951938358175578259e+01,3.681977052789560645e+01,1.507161770649459243e+02,2.096699535624767918e+01,1.623045469467728026e+02,0.000000000000000000e+00,1.565042833929852861e+02,3.600540487331690542e+01
4.977444697364120429e+01,1.433381180710544811e+02,2.655317603252105485e+01,1.707934955574978062e+02,3.789226234628107370e+00,1.470285150245292130e+02,1.452018337597999960e+02,4.277531295468917705e+01,1.357090609401160464e+02,1.598088943379717186e+01,1.565042833929852861e+02,0.000000000000000000e+00,1.565443888314874528e+02
1.445645602866355546e+02,4.887934461098659256e+01,1.425649978617135787e+02,2.195379506438966999e+01,1.568688246341756383e+02,1.110666401155468286e+01,1.602182959291366160e+01,1.443178448068920545e+02,5.138874965367934777e+01,1.616671296479069042e+02,3.600540487331690542e+01,1.565443888314874528e+02,0.000000000000000000e+00
