0.000000000000000000e+00,1.251134107188467368e+02,4.352104599461461021e+01,1.401812992286867257e+02,5.340245504057050852e+01,1.625236406956438486e+02,1.744683122322032318e+02,1.986314838649246184e+01,1.355052284886994869e+02,3.138600014430343776e+01,1.366227439710931435e+02,4.696053654785473697e+01,1.539191983253973319e+02
1.251134107188467368e+02,0.000000000000000000e+00,1.656328819950588525e+02,3.103001108553457144e+01,1.384840931173601746e+02,5.793568126060795009e+01,5.470911936245967411e+01,1.440376355536243409e+02,1.120074400660345404e+01,1.446110491534045934e+02,1.624266989101766256e+01,1.361301981107905021e+02,6.091586971970746589e+01
4.352104599461461021e+01,1.656328819950588525e+02,0.000000000000000000e+00,1.624785414050625434e+02,3.125367140930542931e+01,1.359516490164563436e+02,1.376844603413702828e+02,2.700311973372914309e+01,1.680443469237901297e+02,2.102978339223465198e+01,1.775346307517123705e+02,3.170880044020339739e+01,1.334074792475426250e+02
1.401812992286867257e+02,3.103001108553457144e+01,1.624785414050625434e+02,0.000000000000000000e+00,1.629826631675191777e+02,3.300919997570656506e+01,3.636097673702756339e+01,1.487013194868034418e+02,2.888151590764383414e+01,1.714063273808531846e+02,1.518098937069243526e+01,1.651200604593458650e+02,3.264614058505713245e+01
5.340245504057050852e+01,1.384840931173601746e+02,3.125367140930542931e+01,1.629826631675191777e+02,0.000000000000000000e+00,1.383267781130788023e+02,1.310931932290379507e+02,4.809550597983276532e+01,1.367974756731418324e+02,2.324162663392544204e+01,1.511829193209367759e+02,7.440869241136872425e+00,1.425100451595805851e+02
1.625236406956438486e+02,5.793568126060795009e+01,1.359516490164563436e+02,3.300919997570656506e+01,1.383267781130788023e+02,0.000000000000000000e+00,1.202121124670429531e+01,1.497190681146101099e+02,4.982760172123343523e+01,1.550750120452710235e+02,4.285816044694827553e+01,1.456114205206228576e+02,8.608445747093520950e+00
1.744683122322032318e+02,5.470911936245967411e+01,1.376844603413702828e+02,3.636097673702756339e+01,1.310931932290379507e+02,1.202121124670429531e+01,0.000000000000000000e+00,1.583941680746018221e+02,4.493018211952703211e+01,1.522176403133478573e+02,4.183503109389234709e+01,1.377851141324968012e+02,2.062781119674151853e+01
1.986314838649246184e+01,1.440376355536243409e+02,2.700311973372914309e+01,1.487013194868034418e+02,4.809550597983276532e+01,1.497190681146101099e+02,1.583941680746018221e+02,0.000000000000000000e+00,1.549204616988392331e+02,2.542275120734335658e+01,1.522634071500129664e+02,4.396402909444673668e+01,1.425497320199957301e+02
1.355052284886994869e+02,1.120074400660345404e+01,1.680443469237901297e+02,2.888151590764383414e+01,1.367974756731418324e+02,4.982760172123343523e+01,4.493018211952703211e+01,1.549204616988392331e+02,0.000000000000000000e+00,1.496221802222226813e+02,1.440896027665081469e+01,1.365340394420122720e+02,5.418378545118902423e+01
3.138600014430343776e+01,1.446110491534045934e+02,2.102978339223465198e+01,1.714063273808531846e+02,2.324162663392544204e+01,1.550750120452710235e+02,1.522176403133478573e+02,2.542275120734335658e+01,1.496221802222226813e+02,0.000000000000000000e+00,1.607640514480624745e+02,1.854211565558747665e+01,1.541529367414779585e+02
1.366227439710931435e+02,1.624266989101766256e+01,1.775346307517123705e+02,1.518098937069243526e+01,1.511829193209367759e+02,4.285816044694827553e+01,4.183503109389234709e+01,1.522634071500129664e+02,1.440896027665081469e+01,1.607640514480624745e+02,0.000000000000000000e+00,1.507429794618430208e+02,4.498564037621213174e+01
4.696053654785473697e+01,1.361301981107905021e+02,3.170880044020339739e+01,1.651200604593458650e+02,7.440869241136872425e+00,1.456114205206228576e+02,1.377851141324968012e+02,4.396402909444673668e+01,1.365340394420122720e+02,1.854211565558747665e+01,1.507429794618430208e+02,0.000000000000000000e+00,1.499495610457132386e+02
1.539191983253973319e+02,6.091586971970746589e+01,1.334074792475426250e+02,3.264614058505713245e+01,1.425100451595805851e+02,8.608445747093520950e+00,2.062781119674151853e+01,1.425497320199957301e+02,5.418378545118902423e+01,1.541529367414779585e+02,4.498564037621213174e+01,1.499495610457132386e+02,0.000000000000000000e+00
