0.000000000000000000e+00,4.982478141784667969e+00,6.111874103546142578e+00,1.046803283691406250e+01,1.030129051208496094e+01,1.178303241729736328e+01,1.039522552490234375e+01,1.389758110046386719e+01,1.521496582031250000e+01,1.841894340515136719e+01,2.130824279785156250e+01,1.913250732421875000e+01,1.510174465179443359e+01,2.230409049987792969e+01,1.982487106323242188e+01,2.073271751403808594e+01,2.035776329040527344e+01,2.011263084411621094e+01,2.129152297973632812e+01,2.076444244384765625e+01,1.660894775390625000e+01,1.463448619842529297e+01,1.712425231933593750e+01,1.604260826110839844e+01,1.986317253112792969e+01,1.824829101562500000e+01,1.916096687316894531e+01,1.289165115356445312e+01,1.215292453765869141e+01,8.881212234497070312e+00,9.483281135559082031e+00,9.214726448059082031e+00,1.298896694183349609e+01,1.175955963134765625e+01
4.982478141784667969e+00,0.000000000000000000e+00,3.810064792633056641e+00,6.925594329833984375e+00,1.222203350067138672e+01,1.379829692840576172e+01,1.398033428192138672e+01,1.721634292602539062e+01,1.946895408630371094e+01,2.241718673706054688e+01,2.572488594055175781e+01,2.181366539001464844e+01,1.582229900360107422e+01,2.343412399291992188e+01,2.115627861022949219e+01,2.308267402648925781e+01,2.297068405151367188e+01,2.357861137390136719e+01,2.484189224243164062e+01,2.510282707214355469e+01,2.033134078979492188e+01,1.739937400817871094e+01,1.967367744445800781e+01,1.737550544738769531e+01,2.100613594055175781e+01,1.812951469421386719e+01,1.898215675354003906e+01,1.191272068023681641e+01,1.297776126861572266e+01,1.013957881927490234e+01,1.252863693237304688e+01,1.292506599426269531e+01,1.717350006103515625e+01,1.641703987121582031e+01
6.111874103546142578e+00,3.810064792633056641e+00,0.000000000000000000e+00,1.023641490936279297e+01,1.541956615447998047e+01,1.674093246459960938e+01,1.609672927856445312e+01,1.929626846313476562e+01,2.064323997497558594e+01,2.392053604125976562e+01,2.657605171203613281e+01,2.451436805725097656e+01,1.819009208679199219e+01,2.552272796630859375e+01,2.285072326660156250e+01,2.489071083068847656e+01,2.422482490539550781e+01,2.497957229614257812e+01,2.572555351257324219e+01,2.478007316589355469e+01,2.009576034545898438e+01,1.721011352539062500e+01,1.999453353881835938e+01,1.799161148071289062e+01,2.169033813476562500e+01,1.846532821655273438e+01,2.002997779846191406e+01,1.082678413391113281e+01,1.210401248931884766e+01,8.835970878601074219e+00,1.201886558532714844e+01,1.175691318511962891e+01,1.676474189758300781e+01,1.590708255767822266e+01
1.046803283691406250e+01,6.925594329833984375e+00,1.023641490936279297e+01,0.000000000000000000e+00,1.158605098724365234e+01,1.267336177825927734e+01,1.517977046966552734e+01,1.762387084960937500e+01,2.155925750732421875e+01,2.366018295288085938e+01,2.796147155761718750e+01,2.057155799865722656e+01,1.342039585113525391e+01,2.092754554748535156e+01,1.953559494018554688e+01,2.213031387329101562e+01,2.294832992553710938e+01,2.420721244812011719e+01,2.606903076171875000e+01,2.869589996337890625e+01,2.345462989807128906e+01,1.992278671264648438e+01,2.109593009948730469e+01,1.767500877380371094e+01,2.061940193176269531e+01,1.757897377014160156e+01,1.720647621154785156e+01,1.396315288543701172e+01,1.568194770812988281e+01,1.430544185638427734e+01,1.639179611206054688e+01,1.804507064819335938e+01,2.123479461669921875e+01,2.122777175903320312e+01
1.030129051208496094e+01,1.222203350067138672e+01,1.541956615447998047e+01,1.158605098724365234e+01,0.000000000000000000e+00,3.966528177261352539e+00,6.230659961700439453e+00,8.755783081054687500e+00,1.305621528625488281e+01,1.439877891540527344e+01,1.912760353088378906e+01,1.074219989776611328e+01,1.126109790802001953e+01,1.759279823303222656e+01,1.670449066162109375e+01,1.624898719787597656e+01,1.773945808410644531e+01,1.648744010925292969e+01,1.928804588317871094e+01,2.245820236206054688e+01,1.893188095092773438e+01,1.760027694702148438e+01,1.813949966430664062e+01,1.709432411193847656e+01,1.999787521362304688e+01,2.027921676635742188e+01,1.922675132751464844e+01,1.920721435546875000e+01,1.789867210388183594e+01,1.632671356201171875e+01,1.495088863372802734e+01,1.616198730468750000e+01,1.669075012207031250e+01,1.617622375488281250e+01
1.178303241729736328e+01,1.379829692840576172e+01,1.674093246459960938e+01,1.267336177825927734e+01,3.966528177261352539e+00,0.000000000000000000e+00,4.900309562683105469e+00,5.904400825500488281e+00,1.113136672973632812e+01,1.201886367797851562e+01,1.708641815185546875e+01,8.135151863098144531e+00,7.836175918579101562e+00,1.369923782348632812e+01,1.286138534545898438e+01,1.236179542541503906e+01,1.404128646850585938e+01,1.325998497009277344e+01,1.614563560485839844e+01,2.062553024291992188e+01,1.676141929626464844e+01,1.524394893646240234e+01,1.512742710113525391e+01,1.407799720764160156e+01,1.661612892150878906e+01,1.759212303161621094e+01,1.619592094421386719e+01,1.814198684692382812e+01,1.639343833923339844e+01,1.563449668884277344e+01,1.376318359375000000e+01,1.573973655700683594e+01,1.541246986389160156e+01,1.579673480987548828e+01
1.039522552490234375e+01,1.398033428192138672e+01,1.609672927856445312e+01,1.517977046966552734e+01,6.230659961700439453e+00,4.900309562683105469e+00,0.000000000000000000e+00,3.829029083251953125e+00,6.957769870758056641e+00,8.923867225646972656e+00,1.326481819152832031e+01,9.173512458801269531e+00,1.036490821838378906e+01,1.552480983734130859e+01,1.385105609893798828e+01,1.242391109466552734e+01,1.300782966613769531e+01,1.113794898986816406e+01,1.353016948699951172e+01,1.629117584228515625e+01,1.305211830139160156e+01,1.262600326538085938e+01,1.313289833068847656e+01,1.355511760711669922e+01,1.648291397094726562e+01,1.798526573181152344e+01,1.741362190246582031e+01,1.775193595886230469e+01,1.506308555603027344e+01,1.387915420532226562e+01,1.091539382934570312e+01,1.221231174468994141e+01,1.117470836639404297e+01,1.122017574310302734e+01
1.389758110046386719e+01,1.721634292602539062e+01,1.929626846313476562e+01,1.762387084960937500e+01,8.755783081054687500e+00,5.904400825500488281e+00,3.829029083251953125e+00,0.000000000000000000e+00,5.693664550781250000e+00,6.217418193817138672e+00,1.127834892272949219e+01,6.542615890502929688e+00,9.431926727294921875e+00,1.279057884216308594e+01,1.145810222625732422e+01,8.997487068176269531e+00,9.984609603881835938e+00,7.753808975219726562e+00,1.066929054260253906e+01,1.544518947601318359e+01,1.243513011932373047e+01,1.235209083557128906e+01,1.178937339782714844e+01,1.271138477325439453e+01,1.492434692382812500e+01,1.757818794250488281e+01,1.653838157653808594e+01,1.918579483032226562e+01,1.613271522521972656e+01,1.579953956604003906e+01,1.237208080291748047e+01,1.423583984375000000e+01,1.190778160095214844e+01,1.286558532714843750e+01
1.521496582031250000e+01,1.946895408630371094e+01,2.064323997497558594e+01,2.155925750732421875e+01,1.305621528625488281e+01,1.113136672973632812e+01,6.957769870758056641e+00,5.693664550781250000e+00,0.000000000000000000e+00,3.778118848800659180e+00,6.440711021423339844e+00,1.075749111175537109e+01,1.400133705139160156e+01,1.635334777832031250e+01,1.437225627899169922e+01,1.121989917755126953e+01,1.050286197662353516e+01,6.741025447845458984e+00,8.199634552001953125e+00,1.019601917266845703e+01,8.887856483459472656e+00,1.103570365905761719e+01,1.106332874298095703e+01,1.398619556427001953e+01,1.621018981933593750e+01,1.940167236328125000e+01,1.923399925231933594e+01,2.040182113647460938e+01,1.651259231567382812e+01,1.599083709716796875e+01,1.157024765014648438e+01,1.243350410461425781e+01,8.405892372131347656e+00,9.312673568725585938e+00
1.841894340515136719e+01,2.241718673706054688e+01,2.392053604125976562e+01,2.366018295288085938e+01,1.439877891540527344e+01,1.201886367797851562e+01,8.923867225646972656e+00,6.217418193817138672e+00,3.778118848800659180e+00,0.000000000000000000e+00,5.455500602722167969e+00,8.887434005737304688e+00,1.455063056945800781e+01,1.533023834228515625e+01,1.407686614990234375e+01,9.772266387939453125e+00,9.789521217346191406e+00,4.713253974914550781e+00,7.237926959991455078e+00,1.181612300872802734e+01,1.128521919250488281e+01,1.347437667846679688e+01,1.250773429870605469e+01,1.545743560791015625e+01,1.695767211914062500e+01,2.091919898986816406e+01,2.018375205993652344e+01,2.317286872863769531e+01,1.933501052856445312e+01,1.924102210998535156e+01,1.489838981628417969e+01,1.611007118225097656e+01,1.185012817382812500e+01,1.299675559997558594e+01
2.130824279785156250e+01,2.572488594055175781e+01,2.657605171203613281e+01,2.796147155761718750e+01,1.912760353088378906e+01,1.708641815185546875e+01,1.326481819152832031e+01,1.127834892272949219e+01,6.440711021423339844e+00,5.455500602722167969e+00,0.000000000000000000e+00,1.417878627777099609e+01,1.917220878601074219e+01,1.935242271423339844e+01,1.772050476074218750e+01,1.346598052978515625e+01,1.222795104980468750e+01,7.409133434295654297e+00,7.284768104553222656e+00,8.168911933898925781e+00,1.055426692962646484e+01,1.445227813720703125e+01,1.383000564575195312e+01,1.798119354248046875e+01,1.926542472839355469e+01,2.353062057495117188e+01,2.340880012512207031e+01,2.549497604370117188e+01,2.120294761657714844e+01,2.111783790588378906e+01,1.642287063598632812e+01,1.687702560424804688e+01,1.168375015258789062e+01,1.279006385803222656e+01
1.913250732421875000e+01,2.181366539001464844e+01,2.451436805725097656e+01,2.057155799865722656e+01,1.074219989776611328e+01,8.135151863098144531e+00,9.173512458801269531e+00,6.542615890502929688e+00,1.075749111175537109e+01,8.887434005737304688e+00,1.417878627777099609e+01,0.000000000000000000e+00,1.166664695739746094e+01,1.274367618560791016e+01,1.332419776916503906e+01,9.898509979248046875e+00,1.268967056274414062e+01,1.009006118774414062e+01,1.383208560943603516e+01,2.040887451171875000e+01,1.824098777770996094e+01,1.828951072692871094e+01,1.687387275695800781e+01,1.736408233642578125e+01,1.861293029785156250e+01,2.175121498107910156e+01,1.971983146667480469e+01,2.460508346557617188e+01,2.198665809631347656e+01,2.191272163391113281e+01,1.880723953247070312e+01,2.074936485290527344e+01,1.825554847717285156e+01,1.906927299499511719e+01
1.510174465179443359e+01,1.582229900360107422e+01,1.819009208679199219e+01,1.342039585113525391e+01,1.126109790802001953e+01,7.836175918579101562e+00,1.036490821838378906e+01,9.431926727294921875e+00,1.400133705139160156e+01,1.455063056945800781e+01,1.917220878601074219e+01,1.166664695739746094e+01,0.000000000000000000e+00,7.720968246459960938e+00,6.472431182861328125e+00,9.159873962402343750e+00,1.062227535247802734e+01,1.305401325225830078e+01,1.507192325592041016e+01,2.132527542114257812e+01,1.611962127685546875e+01,1.296141147613525391e+01,1.168122577667236328e+01,8.738678932189941406e+00,1.024259567260742188e+01,1.113909435272216797e+01,8.830099105834960938e+00,1.489814853668212891e+01,1.350337696075439453e+01,1.462762355804443359e+01,1.349890708923339844e+01,1.687006759643554688e+01,1.646657180786132812e+01,1.843219184875488281e+01
2.230409049987792969e+01,2.343412399291992188e+01,2.552272796630859375e+01,2.092754554748535156e+01,1.759279823303222656e+01,1.369923782348632812e+01,1.552480983734130859e+01,1.279057884216308594e+01,1.635334777832031250e+01,1.533023834228515625e+01,1.935242271423339844e+01,1.274367618560791016e+01,7.720968246459960938e+00,0.000000000000000000e+00,3.744110107421875000e+00,5.934911727905273438e+00,8.307062149047851562e+00,1.197803020477294922e+01,1.365283298492431641e+01,2.231258773803710938e+01,1.793986511230468750e+01,1.564455509185791016e+01,1.265185260772705078e+01,1.099397850036621094e+01,9.684420585632324219e+00,1.337193489074707031e+01,1.022663402557373047e+01,2.030862426757812500e+01,1.832529640197753906e+01,2.043477058410644531e+01,1.851345252990722656e+01,2.203771591186523438e+01,2.002163696289062500e+01,2.275641441345214844e+01
1.982487106323242188e+01,2.115627861022949219e+01,2.285072326660156250e+01,1.953559494018554688e+01,1.670449066162109375e+01,1.286138534545898438e+01,1.385105609893798828e+01,1.145810222625732422e+01,1.437225627899169922e+01,1.407686614990234375e+01,1.772050476074218750e+01,1.332419776916503906e+01,6.472431182861328125e+00,3.744110107421875000e+00,0.000000000000000000e+00,5.402587413787841797e+00,6.164708614349365234e+00,1.065309810638427734e+01,1.172013759613037109e+01,1.955007934570312500e+01,1.468521690368652344e+01,1.200991439819335938e+01,9.089721679687500000e+00,7.307622909545898438e+00,6.330855369567871094e+00,1.035027790069580078e+01,7.820361137390136719e+00,1.711309814453125000e+01,1.479606628417968750e+01,1.705856895446777344e+01,1.509486198425292969e+01,1.870227050781250000e+01,1.681678199768066406e+01,1.975670433044433594e+01
2.073271751403808594e+01,2.308267402648925781e+01,2.489071083068847656e+01,2.213031387329101562e+01,1.624898719787597656e+01,1.236179542541503906e+01,1.242391109466552734e+01,8.997487068176269531e+00,1.121989917755126953e+01,9.772266387939453125e+00,1.346598052978515625e+01,9.898509979248046875e+00,9.159873962402343750e+00,5.934911727905273438e+00,5.402587413787841797e+00,0.000000000000000000e+00,3.799789667129516602e+00,6.064250946044921875e+00,8.081823348999023438e+00,1.707807159423828125e+01,1.364836406707763672e+01,1.284987354278564453e+01,9.836697578430175781e+00,1.061726665496826172e+01,1.022859191894531250e+01,1.503253173828125000e+01,1.304487514495849609e+01,2.069326210021972656e+01,1.759817695617675781e+01,1.919944953918457031e+01,1.606710433959960938e+01,1.909396553039550781e+01,1.593022251129150391e+01,1.861042022705078125e+01
2.035776329040527344e+01,2.297068405151367188e+01,2.422482490539550781e+01,2.294832992553710938e+01,1.773945808410644531e+01,1.404128646850585938e+01,1.300782966613769531e+01,9.984609603881835938e+00,1.050286197662353516e+01,9.789521217346191406e+00,1.222795104980468750e+01,1.268967056274414062e+01,1.062227535247802734e+01,8.307062149047851562e+00,6.164708614349365234e+00,3.799789667129516602e+00,0.000000000000000000e+00,5.492650508880615234e+00,5.625873088836669922e+00,1.422472763061523438e+01,1.056966018676757812e+01,9.996212005615234375e+00,6.662758350372314453e+00,8.765667915344238281e+00,8.320775032043457031e+00,1.363608455657958984e+01,1.250850868225097656e+01,1.920211982727050781e+01,1.563200473785400391e+01,1.750360488891601562e+01,1.411604976654052734e+01,1.710279464721679688e+01,1.357370853424072266e+01,1.672570610046386719e+01
2.011263084411621094e+01,2.357861137390136719e+01,2.497957229614257812e+01,2.420721244812011719e+01,1.648744010925292969e+01,1.325998497009277344e+01,1.113794898986816406e+01,7.753808975219726562e+00,6.741025447845458984e+00,4.713253974914550781e+00,7.409133434295654297e+00,1.009006118774414062e+01,1.305401325225830078e+01,1.197803020477294922e+01,1.065309810638427734e+01,6.064250946044921875e+00,5.492650508880615234e+00,0.000000000000000000e+00,3.763180971145629883e+00,1.208720588684082031e+01,1.046185207366943359e+01,1.194209575653076172e+01,9.787972450256347656e+00,1.285181427001953125e+01,1.344628047943115234e+01,1.821598815917968750e+01,1.726544761657714844e+01,2.213304138183593750e+01,1.824995231628417969e+01,1.910818099975585938e+01,1.495202732086181641e+01,1.701978874206542969e+01,1.263949775695800781e+01,1.496893215179443359e+01
2.129152297973632812e+01,2.484189224243164062e+01,2.572555351257324219e+01,2.606903076171875000e+01,1.928804588317871094e+01,1.614563560485839844e+01,1.353016948699951172e+01,1.066929054260253906e+01,8.199634552001953125e+00,7.237926959991455078e+00,7.284768104553222656e+00,1.383208560943603516e+01,1.507192325592041016e+01,1.365283298492431641e+01,1.172013759613037109e+01,8.081823348999023438e+00,5.625873088836669922e+00,3.763180971145629883e+00,0.000000000000000000e+00,9.657876014709472656e+00,8.425741195678710938e+00,1.063943386077880859e+01,8.384363174438476562e+00,1.251926898956298828e+01,1.278832054138183594e+01,1.784245681762695312e+01,1.748299789428710938e+01,2.188998222351074219e+01,1.768600654602050781e+01,1.888347244262695312e+01,1.460779857635498047e+01,1.655947113037109375e+01,1.171011161804199219e+01,1.458793067932128906e+01
2.076444244384765625e+01,2.510282707214355469e+01,2.478007316589355469e+01,2.869589996337890625e+01,2.245820236206054688e+01,2.062553024291992188e+01,1.629117584228515625e+01,1.544518947601318359e+01,1.019601917266845703e+01,1.181612300872802734e+01,8.168911933898925781e+00,2.040887451171875000e+01,2.132527542114257812e+01,2.231258773803710938e+01,1.955007934570312500e+01,1.707807159423828125e+01,1.422472763061523438e+01,1.208720588684082031e+01,9.657876014709472656e+00,0.000000000000000000e+00,6.290707111358642578e+00,1.130531501770019531e+01,1.204318618774414062e+01,1.681658935546875000e+01,1.835368728637695312e+01,2.178813171386718750e+01,2.295856666564941406e+01,2.252398490905761719e+01,1.797441101074218750e+01,1.801801109313964844e+01,1.356485939025878906e+01,1.327901268005371094e+01,8.023907661437988281e+00,9.871705055236816406e+00
1.660894775390625000e+01,2.033134078979492188e+01,2.009576034545898438e+01,2.345462989807128906e+01,1.893188095092773438e+01,1.676141929626464844e+01,1.305211830139160156e+01,1.243513011932373047e+01,8.887856483459472656e+00,1.128521919250488281e+01,1.055426692962646484e+01,1.824098777770996094e+01,1.611962127685546875e+01,1.793986511230468750e+01,1.468521690368652344e+01,1.364836406707763672e+01,1.056966018676757812e+01,1.046185207366943359e+01,8.425741195678710938e+00,6.290707111358642578e+00,0.000000000000000000e+00,5.020938873291015625e+00,6.345858097076416016e+00,1.074944019317626953e+01,1.276687431335449219e+01,1.561630725860595703e+01,1.696744537353515625e+01,1.652676963806152344e+01,1.195093631744384766e+01,1.253952598571777344e+01,8.177590370178222656e+00,9.298016548156738281e+00,4.609870910644531250e+00,8.323937416076660156e+00
1.463448619842529297e+01,1.739937400817871094e+01,1.721011352539062500e+01,1.992278671264648438e+01,1.760027694702148438e+01,1.524394893646240234e+01,1.262600326538085938e+01,1.235209083557128906e+01,1.103570365905761719e+01,1.347437667846679688e+01,1.445227813720703125e+01,1.828951072692871094e+01,1.296141147613525391e+01,1.564455509185791016e+01,1.200991439819335938e+01,1.284987354278564453e+01,9.996212005615234375e+00,1.194209575653076172e+01,1.063943386077880859e+01,1.130531501770019531e+01,5.020938873291015625e+00,0.000000000000000000e+00,3.740917921066284180e+00,6.327188014984130859e+00,9.032760620117187500e+00,1.077685356140136719e+01,1.247275638580322266e+01,1.192209529876708984e+01,7.412846088409423828e+00,8.978900909423828125e+00,5.585393905639648438e+00,8.494919776916503906e+00,6.684107303619384766e+00,1.027965164184570312e+01
1.712425231933593750e+01,1.967367744445800781e+01,1.999453353881835938e+01,2.109593009948730469e+01,1.813949966430664062e+01,1.512742710113525391e+01,1.313289833068847656e+01,1.178937339782714844e+01,1.106332874298095703e+01,1.250773429870605469e+01,1.383000564575195312e+01,1.687387275695800781e+01,1.168122577667236328e+01,1.265185260772705078e+01,9.089721679687500000e+00,9.836697578430175781e+00,6.662758350372314453e+00,9.787972450256347656e+00,8.384363174438476562e+00,1.204318618774414062e+01,6.345858097076416016e+00,3.740917921066284180e+00,0.000000000000000000e+00,5.035716533660888672e+00,6.450869083404541016e+00,1.014159870147705078e+01,1.097480106353759766e+01,1.397450923919677734e+01,9.873204231262207031e+00,1.205258560180664062e+01,8.899407386779785156e+00,1.201972007751464844e+01,9.371963500976562500e+00,1.305273437500000000e+01
1.604260826110839844e+01,1.737550544738769531e+01,1.799161148071289062e+01,1.767500877380371094e+01,1.709432411193847656e+01,1.407799720764160156e+01,1.355511760711669922e+01,1.271138477325439453e+01,1.398619556427001953e+01,1.545743560791015625e+01,1.798119354248046875e+01,1.736408233642578125e+01,8.738678932189941406e+00,1.099397850036621094e+01,7.307622909545898438e+00,1.061726665496826172e+01,8.765667915344238281e+00,1.285181427001953125e+01,1.251926898956298828e+01,1.681658935546875000e+01,1.074944019317626953e+01,6.327188014984130859e+00,5.035716533660888672e+00,0.000000000000000000e+00,3.874910831451416016e+00,5.560339927673339844e+00,6.231172084808349609e+00,1.076178264617919922e+01,7.831860065460205078e+00,1.070356082916259766e+01,9.361889839172363281e+00,1.315118503570556641e+01,1.244681262969970703e+01,1.564030170440673828e+01
1.986317253112792969e+01,2.100613594055175781e+01,2.169033813476562500e+01,2.061940193176269531e+01,1.999787521362304688e+01,1.661612892150878906e+01,1.648291397094726562e+01,1.492434692382812500e+01,1.621018981933593750e+01,1.695767211914062500e+01,1.926542472839355469e+01,1.861293029785156250e+01,1.024259567260742188e+01,9.684420585632324219e+00,6.330855369567871094e+00,1.022859191894531250e+01,8.320775032043457031e+00,1.344628047943115234e+01,1.278832054138183594e+01,1.835368728637695312e+01,1.276687431335449219e+01,9.032760620117187500e+00,6.450869083404541016e+00,3.874910831451416016e+00,0.000000000000000000e+00,5.914544105529785156e+00,5.614613533020019531e+00,1.359924697875976562e+01,1.110918235778808594e+01,1.435468864440917969e+01,1.303294277191162109e+01,1.673348808288574219e+01,1.540131759643554688e+01,1.886526107788085938e+01
1.824829101562500000e+01,1.812951469421386719e+01,1.846532821655273438e+01,1.757897377014160156e+01,2.027921676635742188e+01,1.759212303161621094e+01,1.798526573181152344e+01,1.757818794250488281e+01,1.940167236328125000e+01,2.091919898986816406e+01,2.353062057495117188e+01,2.175121498107910156e+01,1.113909435272216797e+01,1.337193489074707031e+01,1.035027790069580078e+01,1.503253173828125000e+01,1.363608455657958984e+01,1.821598815917968750e+01,1.784245681762695312e+01,2.178813171386718750e+01,1.561630725860595703e+01,1.077685356140136719e+01,1.014159870147705078e+01,5.560339927673339844e+00,5.914544105529785156e+00,0.000000000000000000e+00,3.791707277297973633e+00,9.028179168701171875e+00,8.420563697814941406e+00,1.194904422760009766e+01,1.271322727203369141e+01,1.636714553833007812e+01,1.700643157958984375e+01,1.998257255554199219e+01
1.916096687316894531e+01,1.898215675354003906e+01,2.002997779846191406e+01,1.720647621154785156e+01,1.922675132751464844e+01,1.619592094421386719e+01,1.741362190246582031e+01,1.653838157653808594e+01,1.923399925231933594e+01,2.018375205993652344e+01,2.340880012512207031e+01,1.971983146667480469e+01,8.830099105834960938e+00,1.022663402557373047e+01,7.820361137390136719e+00,1.304487514495849609e+01,1.250850868225097656e+01,1.726544761657714844e+01,1.748299789428710938e+01,2.295856666564941406e+01,1.696744537353515625e+01,1.247275638580322266e+01,1.097480106353759766e+01,6.231172084808349609e+00,5.614613533020019531e+00,3.791707277297973633e+00,0.000000000000000000e+00,1.183210945129394531e+01,1.125113201141357422e+01,1.433485221862792969e+01,1.456807422637939453e+01,1.838037872314453125e+01,1.849954223632812500e+01,2.142705917358398438e+01
1.289165115356445312e+01,1.191272068023681641e+01,1.082678413391113281e+01,1.396315288543701172e+01,1.920721435546875000e+01,1.814198684692382812e+01,1.775193595886230469e+01,1.918579483032226562e+01,2.040182113647460938e+01,2.317286872863769531e+01,2.549497604370117188e+01,2.460508346557617188e+01,1.489814853668212891e+01,2.030862426757812500e+01,1.711309814453125000e+01,2.069326210021972656e+01,1.920211982727050781e+01,2.213304138183593750e+01,2.188998222351074219e+01,2.252398490905761719e+01,1.652676963806152344e+01,1.192209529876708984e+01,1.397450923919677734e+01,1.076178264617919922e+01,1.359924697875976562e+01,9.028179168701171875e+00,1.183210945129394531e+01,0.000000000000000000e+00,4.586406230926513672e+00,5.882761478424072266e+00,9.814349174499511719e+00,1.210408306121826172e+01,1.560014247894287109e+01,1.722644805908203125e+01
1.215292453765869141e+01,1.297776126861572266e+01,1.210401248931884766e+01,1.568194770812988281e+01,1.789867210388183594e+01,1.639343833923339844e+01,1.506308555603027344e+01,1.613271522521972656e+01,1.651259231567382812e+01,1.933501052856445312e+01,2.120294761657714844e+01,2.198665809631347656e+01,1.350337696075439453e+01,1.832529640197753906e+01,1.479606628417968750e+01,1.759817695617675781e+01,1.563200473785400391e+01,1.824995231628417969e+01,1.768600654602050781e+01,1.797441101074218750e+01,1.195093631744384766e+01,7.412846088409423828e+00,9.873204231262207031e+00,7.831860065460205078e+00,1.110918235778808594e+01,8.420563697814941406e+00,1.125113201141357422e+01,4.586406230926513672e+00,0.000000000000000000e+00,3.886544704437255859e+00,5.917499065399169922e+00,8.773289680480957031e+00,1.134257507324218750e+01,1.348525047302246094e+01
8.881212234497070312e+00,1.013957881927490234e+01,8.835970878601074219e+00,1.430544185638427734e+01,1.632671356201171875e+01,1.563449668884277344e+01,1.387915420532226562e+01,1.579953956604003906e+01,1.599083709716796875e+01,1.924102210998535156e+01,2.111783790588378906e+01,2.191272163391113281e+01,1.462762355804443359e+01,2.043477058410644531e+01,1.705856895446777344e+01,1.919944953918457031e+01,1.750360488891601562e+01,1.910818099975585938e+01,1.888347244262695312e+01,1.801801109313964844e+01,1.253952598571777344e+01,8.978900909423828125e+00,1.205258560180664062e+01,1.070356082916259766e+01,1.435468864440917969e+01,1.194904422760009766e+01,1.433485221862792969e+01,5.882761478424072266e+00,3.886544704437255859e+00,0.000000000000000000e+00,4.724454879760742188e+00,6.304235458374023438e+00,1.045116996765136719e+01,1.150621700286865234e+01
9.483281135559082031e+00,1.252863693237304688e+01,1.201886558532714844e+01,1.639179611206054688e+01,1.495088863372802734e+01,1.376318359375000000e+01,1.091539382934570312e+01,1.237208080291748047e+01,1.157024765014648438e+01,1.489838981628417969e+01,1.642287063598632812e+01,1.880723953247070312e+01,1.349890708923339844e+01,1.851345252990722656e+01,1.509486198425292969e+01,1.606710433959960938e+01,1.411604976654052734e+01,1.495202732086181641e+01,1.460779857635498047e+01,1.356485939025878906e+01,8.177590370178222656e+00,5.585393905639648438e+00,8.899407386779785156e+00,9.361889839172363281e+00,1.303294277191162109e+01,1.271322727203369141e+01,1.456807422637939453e+01,9.814349174499511719e+00,5.917499065399169922e+00,4.724454879760742188e+00,0.000000000000000000e+00,3.842765808105468750e+00,5.953200817108154297e+00,7.698917388916015625e+00
9.214726448059082031e+00,1.292506599426269531e+01,1.175691318511962891e+01,1.804507064819335938e+01,1.616198730468750000e+01,1.573973655700683594e+01,1.221231174468994141e+01,1.423583984375000000e+01,1.243350410461425781e+01,1.611007118225097656e+01,1.687702560424804688e+01,2.074936485290527344e+01,1.687006759643554688e+01,2.203771591186523438e+01,1.870227050781250000e+01,1.909396553039550781e+01,1.710279464721679688e+01,1.701978874206542969e+01,1.655947113037109375e+01,1.327901268005371094e+01,9.298016548156738281e+00,8.494919776916503906e+00,1.201972007751464844e+01,1.315118503570556641e+01,1.673348808288574219e+01,1.636714553833007812e+01,1.838037872314453125e+01,1.210408306121826172e+01,8.773289680480957031e+00,6.304235458374023438e+00,3.842765808105468750e+00,0.000000000000000000e+00,5.523800373077392578e+00,5.442115783691406250e+00
1.298896694183349609e+01,1.717350006103515625e+01,1.676474189758300781e+01,2.123479461669921875e+01,1.669075012207031250e+01,1.541246986389160156e+01,1.117470836639404297e+01,1.190778160095214844e+01,8.405892372131347656e+00,1.185012817382812500e+01,1.168375015258789062e+01,1.825554847717285156e+01,1.646657180786132812e+01,2.002163696289062500e+01,1.681678199768066406e+01,1.593022251129150391e+01,1.357370853424072266e+01,1.263949775695800781e+01,1.171011161804199219e+01,8.023907661437988281e+00,4.609870910644531250e+00,6.684107303619384766e+00,9.371963500976562500e+00,1.244681262969970703e+01,1.540131759643554688e+01,1.700643157958984375e+01,1.849954223632812500e+01,1.560014247894287109e+01,1.134257507324218750e+01,1.045116996765136719e+01,5.953200817108154297e+00,5.523800373077392578e+00,0.000000000000000000e+00,3.868103981018066406e+00
1.175955963134765625e+01,1.641703987121582031e+01,1.590708255767822266e+01,2.122777175903320312e+01,1.617622375488281250e+01,1.579673480987548828e+01,1.122017574310302734e+01,1.286558532714843750e+01,9.312673568725585938e+00,1.299675559997558594e+01,1.279006385803222656e+01,1.906927299499511719e+01,1.843219184875488281e+01,2.275641441345214844e+01,1.975670433044433594e+01,1.861042022705078125e+01,1.672570610046386719e+01,1.496893215179443359e+01,1.458793067932128906e+01,9.871705055236816406e+00,8.323937416076660156e+00,1.027965164184570312e+01,1.305273437500000000e+01,1.564030170440673828e+01,1.886526107788085938e+01,1.998257255554199219e+01,2.142705917358398438e+01,1.722644805908203125e+01,1.348525047302246094e+01,1.150621700286865234e+01,7.698917388916015625e+00,5.442115783691406250e+00,3.868103981018066406e+00,0.000000000000000000e+00
