0.000000000000000000e+00,4.976426124572753906e+00,6.762497901916503906e+00,1.035984230041503906e+01,9.703972816467285156e+00,1.075612926483154297e+01,1.022447299957275391e+01,1.357165241241455078e+01,1.542516326904296875e+01,1.864230155944824219e+01,2.120905494689941406e+01,1.867507171630859375e+01,1.446192646026611328e+01,2.124254608154296875e+01,1.897447967529296875e+01,1.963653373718261719e+01,1.936200141906738281e+01,1.919259452819824219e+01,2.076793289184570312e+01,2.001037406921386719e+01,1.662337684631347656e+01,1.494288063049316406e+01,1.725771522521972656e+01,1.622325515747070312e+01,1.998222923278808594e+01,1.858510208129882812e+01,1.926582717895507812e+01,1.317561912536621094e+01,1.237187480926513672e+01,9.070427894592285156e+00,9.289910316467285156e+00,9.038802146911621094e+00,1.244218158721923828e+01,1.078116893768310547e+01
4.976426124572753906e+00,0.000000000000000000e+00,3.803762912750244141e+00,7.147736072540283203e+00,1.221575164794921875e+01,1.312906932830810547e+01,1.418111801147460938e+01,1.714934730529785156e+01,1.978129577636718750e+01,2.276201438903808594e+01,2.566277503967285156e+01,2.156771469116210938e+01,1.522321891784667969e+01,2.269800376892089844e+01,2.055259895324707031e+01,2.224682426452636719e+01,2.211798477172851562e+01,2.284689712524414062e+01,2.438021087646484375e+01,2.416096115112304688e+01,2.011744117736816406e+01,1.728678512573242188e+01,1.973438072204589844e+01,1.745015716552734375e+01,2.106931114196777344e+01,1.834918785095214844e+01,1.917854690551757812e+01,1.200710582733154297e+01,1.298948097229003906e+01,9.926832199096679688e+00,1.221960067749023438e+01,1.225781536102294922e+01,1.642518806457519531e+01,1.525603199005126953e+01
6.762497901916503906e+00,3.803762912750244141e+00,0.000000000000000000e+00,1.031558418273925781e+01,1.555120182037353516e+01,1.618594741821289062e+01,1.649805259704589844e+01,1.939947700500488281e+01,2.127427864074707031e+01,2.454814338684082031e+01,2.681768989562988281e+01,2.440162086486816406e+01,1.755014801025390625e+01,2.483174896240234375e+01,2.225210952758789062e+01,2.416546249389648438e+01,2.346034622192382812e+01,2.435715675354003906e+01,2.538729858398437500e+01,2.404835319519042969e+01,2.001688957214355469e+01,1.706955718994140625e+01,2.007880783081054688e+01,1.800384902954101562e+01,2.173688888549804688e+01,1.855967521667480469e+01,2.012158775329589844e+01,1.083785724639892578e+01,1.198523426055908203e+01,8.633109092712402344e+00,1.194737243652343750e+01,1.128376960754394531e+01,1.626975250244140625e+01,1.519874954223632812e+01
1.035984230041503906e+01,7.147736072540283203e+00,1.031558418273925781e+01,0.000000000000000000e+00,1.159228420257568359e+01,1.211286830902099609e+01,1.557256412506103516e+01,1.771571922302246094e+01,2.197219085693359375e+01,2.403456306457519531e+01,2.805941963195800781e+01,2.015297889709472656e+01,1.296194839477539062e+01,2.048536682128906250e+01,1.936438369750976562e+01,2.163208961486816406e+01,2.253417396545410156e+01,2.392358207702636719e+01,2.603917121887207031e+01,2.821529769897460938e+01,2.369313240051269531e+01,2.025421905517578125e+01,2.166133880615234375e+01,1.818130683898925781e+01,2.101423454284667969e+01,1.816437530517578125e+01,1.777160453796386719e+01,1.445877170562744141e+01,1.639378547668457031e+01,1.466255474090576172e+01,1.660312652587890625e+01,1.791073036193847656e+01,2.096287727355957031e+01,2.037618255615234375e+01
9.703972816467285156e+00,1.221575164794921875e+01,1.555120182037353516e+01,1.159228420257568359e+01,0.000000000000000000e+00,3.800023317337036133e+00,6.255032062530517578e+00,8.698576927185058594e+00,1.296986579895019531e+01,1.446460437774658203e+01,1.888665580749511719e+01,1.079788970947265625e+01,1.118720054626464844e+01,1.651748275756835938e+01,1.593864154815673828e+01,1.523308658599853516e+01,1.686207580566406250e+01,1.593204307556152344e+01,1.892015266418457031e+01,2.175737571716308594e+01,1.888087844848632812e+01,1.795444297790527344e+01,1.821838378906250000e+01,1.721885108947753906e+01,1.990785980224609375e+01,2.035495185852050781e+01,1.912058448791503906e+01,1.895697212219238281e+01,1.792429542541503906e+01,1.618929290771484375e+01,1.445376968383789062e+01,1.590385818481445312e+01,1.612141418457031250e+01,1.505160236358642578e+01
1.075612926483154297e+01,1.312906932830810547e+01,1.618594741821289062e+01,1.211286830902099609e+01,3.800023317337036133e+00,0.000000000000000000e+00,5.173941612243652344e+00,6.221467971801757812e+00,1.136689662933349609e+01,1.250811672210693359e+01,1.723719024658203125e+01,8.517022132873535156e+00,7.710970878601074219e+00,1.279279422760009766e+01,1.214827251434326172e+01,1.169266796112060547e+01,1.341851139068603516e+01,1.317232418060302734e+01,1.613485908508300781e+01,2.015710830688476562e+01,1.674749374389648438e+01,1.543731117248535156e+01,1.518457412719726562e+01,1.397761344909667969e+01,1.636633682250976562e+01,1.727209854125976562e+01,1.574538516998291016e+01,1.724066352844238281e+01,1.601781845092773438e+01,1.506634330749511719e+01,1.306577491760253906e+01,1.532710456848144531e+01,1.491181087493896484e+01,1.474877643585205078e+01
1.022447299957275391e+01,1.418111801147460938e+01,1.649805259704589844e+01,1.557256412506103516e+01,6.255032062530517578e+00,5.173941612243652344e+00,0.000000000000000000e+00,3.816919088363647461e+00,6.856412410736083984e+00,9.026195526123046875e+00,1.293923091888427734e+01,9.258957862854003906e+00,1.082516860961914062e+01,1.463903331756591797e+01,1.319622707366943359e+01,1.147089195251464844e+01,1.216357326507568359e+01,1.042326259613037109e+01,1.311432170867919922e+01,1.562909889221191406e+01,1.313374328613281250e+01,1.334244441986083984e+01,1.332434272766113281e+01,1.393033027648925781e+01,1.664722061157226562e+01,1.833647155761718750e+01,1.751342964172363281e+01,1.768456077575683594e+01,1.524041557312011719e+01,1.402520370483398438e+01,1.062810516357421875e+01,1.238788604736328125e+01,1.084526443481445312e+01,1.039936447143554688e+01
1.357165241241455078e+01,1.714934730529785156e+01,1.939947700500488281e+01,1.771571922302246094e+01,8.698576927185058594e+00,6.221467971801757812e+00,3.816919088363647461e+00,0.000000000000000000e+00,5.639508247375488281e+00,6.385759830474853516e+00,1.114098930358886719e+01,6.535148620605468750e+00,9.784119606018066406e+00,1.165017795562744141e+01,1.052492618560791016e+01,7.897671699523925781e+00,9.058694839477539062e+00,7.237854003906250000e+00,1.038622760772705078e+01,1.509323978424072266e+01,1.255255126953125000e+01,1.292794227600097656e+01,1.179525184631347656e+01,1.274647045135498047e+01,1.472334003448486328e+01,1.748668289184570312e+01,1.615608787536621094e+01,1.867969512939453125e+01,1.603730773925781250e+01,1.572637176513671875e+01,1.202700138092041016e+01,1.446300983428955078e+01,1.182054138183593750e+01,1.240184974670410156e+01
1.542516326904296875e+01,1.978129577636718750e+01,2.127427864074707031e+01,2.197219085693359375e+01,1.296986579895019531e+01,1.136689662933349609e+01,6.856412410736083984e+00,5.639508247375488281e+00,0.000000000000000000e+00,3.882851600646972656e+00,6.139730453491210938e+00,1.070600032806396484e+01,1.456258773803710938e+01,1.543624496459960938e+01,1.368210124969482422e+01,1.030790615081787109e+01,9.745353698730468750e+00,5.780373573303222656e+00,7.782254219055175781e+00,1.021206760406494141e+01,9.561694145202636719e+00,1.230977630615234375e+01,1.136334323883056641e+01,1.444717788696289062e+01,1.644972991943359375e+01,1.980527877807617188e+01,1.924355125427246094e+01,2.045973205566406250e+01,1.683134078979492188e+01,1.647163772583007812e+01,1.177269744873046875e+01,1.342262744903564453e+01,9.098606109619140625e+00,9.802886009216308594e+00
1.864230155944824219e+01,2.276201438903808594e+01,2.454814338684082031e+01,2.403456306457519531e+01,1.446460437774658203e+01,1.250811672210693359e+01,9.026195526123046875e+00,6.385759830474853516e+00,3.882851600646972656e+00,0.000000000000000000e+00,5.447494506835937500e+00,8.911171913146972656e+00,1.515383529663085938e+01,1.422809696197509766e+01,1.328092384338378906e+01,8.824014663696289062e+00,9.115884780883789062e+00,4.208362102508544922e+00,7.097561836242675781e+00,1.229812240600585938e+01,1.202670097351074219e+01,1.465999317169189453e+01,1.274052906036376953e+01,1.576366233825683594e+01,1.695295524597167969e+01,2.108637428283691406e+01,1.992220115661621094e+01,2.308724594116210938e+01,1.961898994445800781e+01,1.970159912109375000e+01,1.513916301727294922e+01,1.714093780517578125e+01,1.268551731109619141e+01,1.366816043853759766e+01
2.120905494689941406e+01,2.566277503967285156e+01,2.681768989562988281e+01,2.805941963195800781e+01,1.888665580749511719e+01,1.723719024658203125e+01,1.293923091888427734e+01,1.114098930358886719e+01,6.139730453491210938e+00,5.447494506835937500e+00,0.000000000000000000e+00,1.432905292510986328e+01,1.957981681823730469e+01,1.846826744079589844e+01,1.695330619812011719e+01,1.280828857421875000e+01,1.164711284637451172e+01,6.856832981109619141e+00,6.941163539886474609e+00,8.748983383178710938e+00,1.096519851684570312e+01,1.529817676544189453e+01,1.368098354339599609e+01,1.802144432067871094e+01,1.917424011230468750e+01,2.351095199584960938e+01,2.302032661437988281e+01,2.507857513427734375e+01,2.101435279846191406e+01,2.115990447998046875e+01,1.625265502929687500e+01,1.756962585449218750e+01,1.227116966247558594e+01,1.344461345672607422e+01
1.867507171630859375e+01,2.156771469116210938e+01,2.440162086486816406e+01,2.015297889709472656e+01,1.079788970947265625e+01,8.517022132873535156e+00,9.258957862854003906e+00,6.535148620605468750e+00,1.070600032806396484e+01,8.911171913146972656e+00,1.432905292510986328e+01,0.000000000000000000e+00,1.125978183746337891e+01,1.044275283813476562e+01,1.160499286651611328e+01,8.248938560485839844e+00,1.151557826995849609e+01,1.000559902191162109e+01,1.362985992431640625e+01,2.042516517639160156e+01,1.829333305358886719e+01,1.846253204345703125e+01,1.644819831848144531e+01,1.668009757995605469e+01,1.748188209533691406e+01,2.073961639404296875e+01,1.829130172729492188e+01,2.353484535217285156e+01,2.152136993408203125e+01,2.154746055603027344e+01,1.831043434143066406e+01,2.091414260864257812e+01,1.826884078979492188e+01,1.882915115356445312e+01
1.446192646026611328e+01,1.522321891784667969e+01,1.755014801025390625e+01,1.296194839477539062e+01,1.118720054626464844e+01,7.710970878601074219e+00,1.082516860961914062e+01,9.784119606018066406e+00,1.456258773803710938e+01,1.515383529663085938e+01,1.957981681823730469e+01,1.125978183746337891e+01,0.000000000000000000e+00,7.668300628662109375e+00,6.582174777984619141e+00,9.419970512390136719e+00,1.079518985748291016e+01,1.353220367431640625e+01,1.559830856323242188e+01,2.128807830810546875e+01,1.646545219421386719e+01,1.324177837371826172e+01,1.226828956604003906e+01,8.916638374328613281e+00,1.029781055450439453e+01,1.084648418426513672e+01,8.446363449096679688e+00,1.395759105682373047e+01,1.351663208007812500e+01,1.439153766632080078e+01,1.346877765655517578e+01,1.686121368408203125e+01,1.650705337524414062e+01,1.790496063232421875e+01
2.124254608154296875e+01,2.269800376892089844e+01,2.483174896240234375e+01,2.048536682128906250e+01,1.651748275756835938e+01,1.279279422760009766e+01,1.463903331756591797e+01,1.165017795562744141e+01,1.543624496459960938e+01,1.422809696197509766e+01,1.846826744079589844e+01,1.044275283813476562e+01,7.668300628662109375e+00,0.000000000000000000e+00,3.881165504455566406e+00,5.665163993835449219e+00,8.195170402526855469e+00,1.165873050689697266e+01,1.346966171264648438e+01,2.178030014038085938e+01,1.771670532226562500e+01,1.561733913421630859e+01,1.275571823120117188e+01,1.097527408599853516e+01,9.707998275756835938e+00,1.338919639587402344e+01,1.004760837554931641e+01,1.961317634582519531e+01,1.835650253295898438e+01,2.015467834472656250e+01,1.814026641845703125e+01,2.177488899230957031e+01,1.962460136413574219e+01,2.176538467407226562e+01
1.897447967529296875e+01,2.055259895324707031e+01,2.225210952758789062e+01,1.936438369750976562e+01,1.593864154815673828e+01,1.214827251434326172e+01,1.319622707366943359e+01,1.052492618560791016e+01,1.368210124969482422e+01,1.328092384338378906e+01,1.695330619812011719e+01,1.160499286651611328e+01,6.582174777984619141e+00,3.881165504455566406e+00,0.000000000000000000e+00,5.138965129852294922e+00,5.820423126220703125e+00,1.018717384338378906e+01,1.139631271362304688e+01,1.888385200500488281e+01,1.433559036254882812e+01,1.181165218353271484e+01,9.060748100280761719e+00,7.178133487701416016e+00,6.317756652832031250e+00,1.032901954650878906e+01,7.649279117584228516e+00,1.635315132141113281e+01,1.472854709625244141e+01,1.676493263244628906e+01,1.474635028839111328e+01,1.845960235595703125e+01,1.640590667724609375e+01,1.884467506408691406e+01
1.963653373718261719e+01,2.224682426452636719e+01,2.416546249389648438e+01,2.163208961486816406e+01,1.523308658599853516e+01,1.169266796112060547e+01,1.147089195251464844e+01,7.897671699523925781e+00,1.030790615081787109e+01,8.824014663696289062e+00,1.280828857421875000e+01,8.248938560485839844e+00,9.419970512390136719e+00,5.665163993835449219e+00,5.138965129852294922e+00,0.000000000000000000e+00,3.907369375228881836e+00,6.012182712554931641e+00,8.197982788085937500e+00,1.674622726440429688e+01,1.353051376342773438e+01,1.303869342803955078e+01,9.905899047851562500e+00,1.057696342468261719e+01,1.026915550231933594e+01,1.492660903930664062e+01,1.269470214843750000e+01,1.979058456420898438e+01,1.732709312438964844e+01,1.874819564819335938e+01,1.551296329498291016e+01,1.886392021179199219e+01,1.561462402343750000e+01,1.777060508728027344e+01
1.936200141906738281e+01,2.211798477172851562e+01,2.346034622192382812e+01,2.253417396545410156e+01,1.686207580566406250e+01,1.341851139068603516e+01,1.216357326507568359e+01,9.058694839477539062e+00,9.745353698730468750e+00,9.115884780883789062e+00,1.164711284637451172e+01,1.151557826995849609e+01,1.079518985748291016e+01,8.195170402526855469e+00,5.820423126220703125e+00,3.907369375228881836e+00,0.000000000000000000e+00,5.169948101043701172e+00,5.592562675476074219e+00,1.380945873260498047e+01,1.026370811462402344e+01,9.959207534790039062e+00,6.432477951049804688e+00,8.505791664123535156e+00,8.292910575866699219e+00,1.341101455688476562e+01,1.207371139526367188e+01,1.815393638610839844e+01,1.513645935058593750e+01,1.694238471984863281e+01,1.350598716735839844e+01,1.685325813293457031e+01,1.324813747406005859e+01,1.599962997436523438e+01
1.919259452819824219e+01,2.284689712524414062e+01,2.435715675354003906e+01,2.392358207702636719e+01,1.593204307556152344e+01,1.317232418060302734e+01,1.042326259613037109e+01,7.237854003906250000e+00,5.780373573303222656e+00,4.208362102508544922e+00,6.856832981109619141e+00,1.000559902191162109e+01,1.353220367431640625e+01,1.165873050689697266e+01,1.018717384338378906e+01,6.012182712554931641e+00,5.169948101043701172e+00,0.000000000000000000e+00,3.675735235214233398e+00,1.158779621124267578e+01,1.005882072448730469e+01,1.204784107208251953e+01,9.362016677856445312e+00,1.260194969177246094e+01,1.325014591217041016e+01,1.790944290161132812e+01,1.677851104736328125e+01,2.105292892456054688e+01,1.755791282653808594e+01,1.843817710876464844e+01,1.409698486328125000e+01,1.672155189514160156e+01,1.220463371276855469e+01,1.425502967834472656e+01
2.076793289184570312e+01,2.438021087646484375e+01,2.538729858398437500e+01,2.603917121887207031e+01,1.892015266418457031e+01,1.613485908508300781e+01,1.311432170867919922e+01,1.038622760772705078e+01,7.782254219055175781e+00,7.097561836242675781e+00,6.941163539886474609e+00,1.362985992431640625e+01,1.559830856323242188e+01,1.346966171264648438e+01,1.139631271362304688e+01,8.197982788085937500e+00,5.592562675476074219e+00,3.675735235214233398e+00,0.000000000000000000e+00,9.469895362854003906e+00,8.246287345886230469e+00,1.094069004058837891e+01,8.045261383056640625e+00,1.241119766235351562e+01,1.275281524658203125e+01,1.769830894470214844e+01,1.712793540954589844e+01,2.105136680603027344e+01,1.720079994201660156e+01,1.852587318420410156e+01,1.416332817077636719e+01,1.667712974548339844e+01,1.175420951843261719e+01,1.445467662811279297e+01
2.001037406921386719e+01,2.416096115112304688e+01,2.404835319519042969e+01,2.821529769897460938e+01,2.175737571716308594e+01,2.015710830688476562e+01,1.562909889221191406e+01,1.509323978424072266e+01,1.021206760406494141e+01,1.229812240600585938e+01,8.748983383178710938e+00,2.042516517639160156e+01,2.128807830810546875e+01,2.178030014038085938e+01,1.888385200500488281e+01,1.674622726440429688e+01,1.380945873260498047e+01,1.158779621124267578e+01,9.469895362854003906e+00,0.000000000000000000e+00,5.850265979766845703e+00,1.132814693450927734e+01,1.146829223632812500e+01,1.646643638610839844e+01,1.826454353332519531e+01,2.147079849243164062e+01,2.246232223510742188e+01,2.139857292175292969e+01,1.685569381713867188e+01,1.714520645141601562e+01,1.262807273864746094e+01,1.302375125885009766e+01,7.797912597656250000e+00,9.995216369628906250e+00
1.662337684631347656e+01,2.011744117736816406e+01,2.001688957214355469e+01,2.369313240051269531e+01,1.888087844848632812e+01,1.674749374389648438e+01,1.313374328613281250e+01,1.255255126953125000e+01,9.561694145202636719e+00,1.202670097351074219e+01,1.096519851684570312e+01,1.829333305358886719e+01,1.646545219421386719e+01,1.771670532226562500e+01,1.433559036254882812e+01,1.353051376342773438e+01,1.026370811462402344e+01,1.005882072448730469e+01,8.246287345886230469e+00,5.850265979766845703e+00,0.000000000000000000e+00,5.496662616729736328e+00,6.132169246673583984e+00,1.078861236572265625e+01,1.297282314300537109e+01,1.567807865142822266e+01,1.686956214904785156e+01,1.590131855010986328e+01,1.140881061553955078e+01,1.235021686553955078e+01,8.079095840454101562e+00,9.797424316406250000e+00,5.208189487457275391e+00,8.864355087280273438e+00
1.494288063049316406e+01,1.728678512573242188e+01,1.706955718994140625e+01,2.025421905517578125e+01,1.795444297790527344e+01,1.543731117248535156e+01,1.334244441986083984e+01,1.292794227600097656e+01,1.230977630615234375e+01,1.465999317169189453e+01,1.529817676544189453e+01,1.846253204345703125e+01,1.324177837371826172e+01,1.561733913421630859e+01,1.181165218353271484e+01,1.303869342803955078e+01,9.959207534790039062e+00,1.204784107208251953e+01,1.094069004058837891e+01,1.132814693450927734e+01,5.496662616729736328e+00,0.000000000000000000e+00,3.922465562820434570e+00,6.159333705902099609e+00,9.067696571350097656e+00,1.043819522857666016e+01,1.217276668548583984e+01,1.087141704559326172e+01,6.626163959503173828e+00,8.794692993164062500e+00,6.125439643859863281e+00,9.179029464721679688e+00,7.518380641937255859e+00,1.092263317108154297e+01
1.725771522521972656e+01,1.973438072204589844e+01,2.007880783081054688e+01,2.166133880615234375e+01,1.821838378906250000e+01,1.518457412719726562e+01,1.332434272766113281e+01,1.179525184631347656e+01,1.136334323883056641e+01,1.274052906036376953e+01,1.368098354339599609e+01,1.644819831848144531e+01,1.226828956604003906e+01,1.275571823120117188e+01,9.060748100280761719e+00,9.905899047851562500e+00,6.432477951049804688e+00,9.362016677856445312e+00,8.045261383056640625e+00,1.146829223632812500e+01,6.132169246673583984e+00,3.922465562820434570e+00,0.000000000000000000e+00,5.336400032043457031e+00,6.864903450012207031e+00,1.042761707305908203e+01,1.111870098114013672e+01,1.356772422790527344e+01,9.882635116577148438e+00,1.224283695220947266e+01,9.236542701721191406e+00,1.251809597015380859e+01,9.645892143249511719e+00,1.311368083953857422e+01
1.622325515747070312e+01,1.745015716552734375e+01,1.800384902954101562e+01,1.818130683898925781e+01,1.721885108947753906e+01,1.397761344909667969e+01,1.393033027648925781e+01,1.274647045135498047e+01,1.444717788696289062e+01,1.576366233825683594e+01,1.802144432067871094e+01,1.668009757995605469e+01,8.916638374328613281e+00,1.097527408599853516e+01,7.178133487701416016e+00,1.057696342468261719e+01,8.505791664123535156e+00,1.260194969177246094e+01,1.241119766235351562e+01,1.646643638610839844e+01,1.078861236572265625e+01,6.159333705902099609e+00,5.336400032043457031e+00,0.000000000000000000e+00,3.922841548919677734e+00,5.496729373931884766e+00,6.109325885772705078e+00,1.021692085266113281e+01,8.100021362304687500e+00,1.099852275848388672e+01,9.927114486694335938e+00,1.361663341522216797e+01,1.271693706512451172e+01,1.560885810852050781e+01
1.998222923278808594e+01,2.106931114196777344e+01,2.173688888549804688e+01,2.101423454284667969e+01,1.990785980224609375e+01,1.636633682250976562e+01,1.664722061157226562e+01,1.472334003448486328e+01,1.644972991943359375e+01,1.695295524597167969e+01,1.917424011230468750e+01,1.748188209533691406e+01,1.029781055450439453e+01,9.707998275756835938e+00,6.317756652832031250e+00,1.026915550231933594e+01,8.292910575866699219e+00,1.325014591217041016e+01,1.275281524658203125e+01,1.826454353332519531e+01,1.297282314300537109e+01,9.067696571350097656e+00,6.864903450012207031e+00,3.922841548919677734e+00,0.000000000000000000e+00,5.897113323211669922e+00,5.303284168243408203e+00,1.327801704406738281e+01,1.162761306762695312e+01,1.481501007080078125e+01,1.369947528839111328e+01,1.736308860778808594e+01,1.587226772308349609e+01,1.899358558654785156e+01
1.858510208129882812e+01,1.834918785095214844e+01,1.855967521667480469e+01,1.816437530517578125e+01,2.035495185852050781e+01,1.727209854125976562e+01,1.833647155761718750e+01,1.748668289184570312e+01,1.980527877807617188e+01,2.108637428283691406e+01,2.351095199584960938e+01,2.073961639404296875e+01,1.084648418426513672e+01,1.338919639587402344e+01,1.032901954650878906e+01,1.492660903930664062e+01,1.341101455688476562e+01,1.790944290161132812e+01,1.769830894470214844e+01,2.147079849243164062e+01,1.567807865142822266e+01,1.043819522857666016e+01,1.042761707305908203e+01,5.496729373931884766e+00,5.897113323211669922e+00,0.000000000000000000e+00,3.904240369796752930e+00,8.890254020690917969e+00,9.200567245483398438e+00,1.254241561889648438e+01,1.351443195343017578e+01,1.686291313171386719e+01,1.729027938842773438e+01,1.996953010559082031e+01
1.926582717895507812e+01,1.917854690551757812e+01,2.012158775329589844e+01,1.777160453796386719e+01,1.912058448791503906e+01,1.574538516998291016e+01,1.751342964172363281e+01,1.615608787536621094e+01,1.924355125427246094e+01,1.992220115661621094e+01,2.302032661437988281e+01,1.829130172729492188e+01,8.446363449096679688e+00,1.004760837554931641e+01,7.649279117584228516e+00,1.269470214843750000e+01,1.207371139526367188e+01,1.677851104736328125e+01,1.712793540954589844e+01,2.246232223510742188e+01,1.686956214904785156e+01,1.217276668548583984e+01,1.111870098114013672e+01,6.109325885772705078e+00,5.303284168243408203e+00,3.904240369796752930e+00,0.000000000000000000e+00,1.176426124572753906e+01,1.197464656829833984e+01,1.483028984069824219e+01,1.510710906982421875e+01,1.872103691101074219e+01,1.856964874267578125e+01,2.111961174011230469e+01
1.317561912536621094e+01,1.200710582733154297e+01,1.083785724639892578e+01,1.445877170562744141e+01,1.895697212219238281e+01,1.724066352844238281e+01,1.768456077575683594e+01,1.867969512939453125e+01,2.045973205566406250e+01,2.308724594116210938e+01,2.507857513427734375e+01,2.353484535217285156e+01,1.395759105682373047e+01,1.961317634582519531e+01,1.635315132141113281e+01,1.979058456420898438e+01,1.815393638610839844e+01,2.105292892456054688e+01,2.105136680603027344e+01,2.139857292175292969e+01,1.590131855010986328e+01,1.087141704559326172e+01,1.356772422790527344e+01,1.021692085266113281e+01,1.327801704406738281e+01,8.890254020690917969e+00,1.176426124572753906e+01,0.000000000000000000e+00,4.566987037658691406e+00,5.995552539825439453e+00,9.965923309326171875e+00,1.180953598022460938e+01,1.501396846771240234e+01,1.652613449096679688e+01
1.237187480926513672e+01,1.298948097229003906e+01,1.198523426055908203e+01,1.639378547668457031e+01,1.792429542541503906e+01,1.601781845092773438e+01,1.524041557312011719e+01,1.603730773925781250e+01,1.683134078979492188e+01,1.961898994445800781e+01,2.101435279846191406e+01,2.152136993408203125e+01,1.351663208007812500e+01,1.835650253295898438e+01,1.472854709625244141e+01,1.732709312438964844e+01,1.513645935058593750e+01,1.755791282653808594e+01,1.720079994201660156e+01,1.685569381713867188e+01,1.140881061553955078e+01,6.626163959503173828e+00,9.882635116577148438e+00,8.100021362304687500e+00,1.162761306762695312e+01,9.200567245483398438e+00,1.197464656829833984e+01,4.566987037658691406e+00,0.000000000000000000e+00,3.915242195129394531e+00,6.148785591125488281e+00,8.413706779479980469e+00,1.076360988616943359e+01,1.277666759490966797e+01
9.070427894592285156e+00,9.926832199096679688e+00,8.633109092712402344e+00,1.466255474090576172e+01,1.618929290771484375e+01,1.506634330749511719e+01,1.402520370483398438e+01,1.572637176513671875e+01,1.647163772583007812e+01,1.970159912109375000e+01,2.115990447998046875e+01,2.154746055603027344e+01,1.439153766632080078e+01,2.015467834472656250e+01,1.676493263244628906e+01,1.874819564819335938e+01,1.694238471984863281e+01,1.843817710876464844e+01,1.852587318420410156e+01,1.714520645141601562e+01,1.235021686553955078e+01,8.794692993164062500e+00,1.224283695220947266e+01,1.099852275848388672e+01,1.481501007080078125e+01,1.254241561889648438e+01,1.483028984069824219e+01,5.995552539825439453e+00,3.915242195129394531e+00,0.000000000000000000e+00,4.947459220886230469e+00,5.902805805206298828e+00,9.949769973754882812e+00,1.081677722930908203e+01
9.289910316467285156e+00,1.221960067749023438e+01,1.194737243652343750e+01,1.660312652587890625e+01,1.445376968383789062e+01,1.306577491760253906e+01,1.062810516357421875e+01,1.202700138092041016e+01,1.177269744873046875e+01,1.513916301727294922e+01,1.625265502929687500e+01,1.831043434143066406e+01,1.346877765655517578e+01,1.814026641845703125e+01,1.474635028839111328e+01,1.551296329498291016e+01,1.350598716735839844e+01,1.409698486328125000e+01,1.416332817077636719e+01,1.262807273864746094e+01,8.079095840454101562e+00,6.125439643859863281e+00,9.236542701721191406e+00,9.927114486694335938e+00,1.369947528839111328e+01,1.351443195343017578e+01,1.510710906982421875e+01,9.965923309326171875e+00,6.148785591125488281e+00,4.947459220886230469e+00,0.000000000000000000e+00,3.775643348693847656e+00,5.283598423004150391e+00,6.785911560058593750e+00
9.038802146911621094e+00,1.225781536102294922e+01,1.128376960754394531e+01,1.791073036193847656e+01,1.590385818481445312e+01,1.532710456848144531e+01,1.238788604736328125e+01,1.446300983428955078e+01,1.342262744903564453e+01,1.714093780517578125e+01,1.756962585449218750e+01,2.091414260864257812e+01,1.686121368408203125e+01,2.177488899230957031e+01,1.845960235595703125e+01,1.886392021179199219e+01,1.685325813293457031e+01,1.672155189514160156e+01,1.667712974548339844e+01,1.302375125885009766e+01,9.797424316406250000e+00,9.179029464721679688e+00,1.251809597015380859e+01,1.361663341522216797e+01,1.736308860778808594e+01,1.686291313171386719e+01,1.872103691101074219e+01,1.180953598022460938e+01,8.413706779479980469e+00,5.902805805206298828e+00,3.775643348693847656e+00,0.000000000000000000e+00,5.549649238586425781e+00,5.342758178710937500e+00
1.244218158721923828e+01,1.642518806457519531e+01,1.626975250244140625e+01,2.096287727355957031e+01,1.612141418457031250e+01,1.491181087493896484e+01,1.084526443481445312e+01,1.182054138183593750e+01,9.098606109619140625e+00,1.268551731109619141e+01,1.227116966247558594e+01,1.826884078979492188e+01,1.650705337524414062e+01,1.962460136413574219e+01,1.640590667724609375e+01,1.561462402343750000e+01,1.324813747406005859e+01,1.220463371276855469e+01,1.175420951843261719e+01,7.797912597656250000e+00,5.208189487457275391e+00,7.518380641937255859e+00,9.645892143249511719e+00,1.271693706512451172e+01,1.587226772308349609e+01,1.729027938842773438e+01,1.856964874267578125e+01,1.501396846771240234e+01,1.076360988616943359e+01,9.949769973754882812e+00,5.283598423004150391e+00,5.549649238586425781e+00,0.000000000000000000e+00,3.764982938766479492e+00
1.078116893768310547e+01,1.525603199005126953e+01,1.519874954223632812e+01,2.037618255615234375e+01,1.505160236358642578e+01,1.474877643585205078e+01,1.039936447143554688e+01,1.240184974670410156e+01,9.802886009216308594e+00,1.366816043853759766e+01,1.344461345672607422e+01,1.882915115356445312e+01,1.790496063232421875e+01,2.176538467407226562e+01,1.884467506408691406e+01,1.777060508728027344e+01,1.599962997436523438e+01,1.425502967834472656e+01,1.445467662811279297e+01,9.995216369628906250e+00,8.864355087280273438e+00,1.092263317108154297e+01,1.311368083953857422e+01,1.560885810852050781e+01,1.899358558654785156e+01,1.996953010559082031e+01,2.111961174011230469e+01,1.652613449096679688e+01,1.277666759490966797e+01,1.081677722930908203e+01,6.785911560058593750e+00,5.342758178710937500e+00,3.764982938766479492e+00,0.000000000000000000e+00
