0.000000000000000000e+00,1.604256439208984375e+01,2.412718009948730469e+01,2.500513458251953125e+01,2.173751640319824219e+01,1.260029602050781250e+01,1.234142780303955078e+01,1.181169414520263672e+01,2.063513565063476562e+01,2.826026535034179688e+01,2.885128021240234375e+01,2.056024169921875000e+01,1.574762439727783203e+01
1.604256439208984375e+01,0.000000000000000000e+00,9.311751365661621094e+00,1.725837326049804688e+01,2.032165527343750000e+01,2.047179985046386719e+01,2.175293350219726562e+01,1.190211963653564453e+01,1.271295452117919922e+01,1.585591888427734375e+01,2.258808517456054688e+01,2.151682090759277344e+01,1.959265899658203125e+01
2.412718009948730469e+01,9.311751365661621094e+00,0.000000000000000000e+00,1.286207580566406250e+01,1.995934677124023438e+01,2.460925292968750000e+01,2.796865272521972656e+01,1.815007019042968750e+01,1.138444423675537109e+01,9.870002746582031250e+00,1.795609474182128906e+01,2.166337966918945312e+01,2.257575798034667969e+01
2.500513458251953125e+01,1.725837326049804688e+01,1.286207580566406250e+01,0.000000000000000000e+00,9.651290893554687500e+00,1.889741706848144531e+01,2.852701187133789062e+01,2.216172790527343750e+01,1.345066833496093750e+01,1.645426368713378906e+01,1.128409481048583984e+01,1.300849914550781250e+01,1.964866256713867188e+01
2.173751640319824219e+01,2.032165527343750000e+01,1.995934677124023438e+01,9.651290893554687500e+00,0.000000000000000000e+00,1.297080421447753906e+01,2.710042762756347656e+01,2.349205398559570312e+01,1.899106979370117188e+01,2.475085258483886719e+01,1.757658386230468750e+01,1.099764633178710938e+01,1.910416984558105469e+01
1.260029602050781250e+01,2.047179985046386719e+01,2.460925292968750000e+01,1.889741706848144531e+01,1.297080421447753906e+01,0.000000000000000000e+00,1.619055366516113281e+01,1.719832229614257812e+01,1.912810516357421875e+01,2.768437957763671875e+01,2.193518066406250000e+01,1.038048839569091797e+01,1.141584396362304688e+01
1.234142780303955078e+01,2.175293350219726562e+01,2.796865272521972656e+01,2.852701187133789062e+01,2.710042762756347656e+01,1.619055366516113281e+01,0.000000000000000000e+00,1.061575984954833984e+01,1.969377517700195312e+01,2.772258377075195312e+01,2.734946441650390625e+01,2.042542839050292969e+01,1.083951091766357422e+01
1.181169414520263672e+01,1.190211963653564453e+01,1.815007019042968750e+01,2.216172790527343750e+01,2.349205398559570312e+01,1.719832229614257812e+01,1.061575984954833984e+01,0.000000000000000000e+00,1.198953914642333984e+01,1.881562423706054688e+01,2.261472129821777344e+01,1.916733169555664062e+01,1.176580047607421875e+01
2.063513565063476562e+01,1.271295452117919922e+01,1.138444423675537109e+01,1.345066833496093750e+01,1.899106979370117188e+01,1.912810516357421875e+01,1.969377517700195312e+01,1.198953914642333984e+01,0.000000000000000000e+00,8.975416183471679688e+00,1.171978282928466797e+01,1.454301929473876953e+01,1.274353313446044922e+01
2.826026535034179688e+01,1.585591888427734375e+01,9.870002746582031250e+00,1.645426368713378906e+01,2.475085258483886719e+01,2.768437957763671875e+01,2.772258377075195312e+01,1.881562423706054688e+01,8.975416183471679688e+00,0.000000000000000000e+00,1.445738792419433594e+01,2.217971038818359375e+01,2.153562736511230469e+01
2.885128021240234375e+01,2.258808517456054688e+01,1.795609474182128906e+01,1.128409481048583984e+01,1.757658386230468750e+01,2.193518066406250000e+01,2.734946441650390625e+01,2.261472129821777344e+01,1.171978282928466797e+01,1.445738792419433594e+01,0.000000000000000000e+00,1.240409946441650391e+01,1.711204338073730469e+01
2.056024169921875000e+01,2.151682090759277344e+01,2.166337966918945312e+01,1.300849914550781250e+01,1.099764633178710938e+01,1.038048839569091797e+01,2.042542839050292969e+01,1.916733169555664062e+01,1.454301929473876953e+01,2.217971038818359375e+01,1.240409946441650391e+01,0.000000000000000000e+00,1.029952049255371094e+01
1.574762439727783203e+01,1.959265899658203125e+01,2.257575798034667969e+01,1.964866256713867188e+01,1.910416984558105469e+01,1.141584396362304688e+01,1.083951091766357422e+01,1.176580047607421875e+01,1.274353313446044922e+01,2.153562736511230469e+01,1.711204338073730469e+01,1.029952049255371094e+01,0.000000000000000000e+00
