0.0,16.0404864842,24.3330629043,25.395762329,21.7215206625,12.8797556158,12.4825595599,11.5736208586,20.4686281442,28.2120983903,29.1288952494,20.6313158077,16.0889189169
16.0404864842,0.0,9.45362643884,17.6522083436,20.3590256293,20.5938565427,22.0488941851,12.1815682514,12.672232604,15.9221893081,22.6887420319,21.4186205879,19.7708253937
24.3330629043,9.45362643884,0.0,13.5099632557,20.4347976496,24.9388415404,28.2048415334,18.4019841677,11.4092803962,9.74103732104,17.948287609,21.7219009069,22.674084479
25.395762329,17.6522083436,13.5099632557,0.0,9.69665378378,19.0419931869,28.8473727172,22.6202827471,13.952627208,17.037945902,11.5247089972,13.0822682153,19.862618515
21.7215206625,20.3590256293,20.4347976496,9.69665378378,0.0,12.6811862879,26.7956219556,23.3079569598,18.9375965592,24.9558217094,17.7879629861,10.8958916442,18.8805676234
12.8797556158,20.5938565427,24.9388415404,19.0419931869,12.6811862879,0.0,16.0822689684,17.0653422775,19.0380627864,27.741771636,22.1774291561,10.3864534489,11.5530120662
12.4825595599,22.0488941851,28.2048415334,28.8473727172,26.7956219556,16.0822689684,0.0,10.5906245915,19.5936387539,27.7155616724,27.4670896356,20.1324938864,10.9047551471
11.5736208586,12.1815682514,18.4019841677,22.6202827471,23.3079569598,17.0653422775,10.5906245915,0.0,11.9161287483,18.9088249401,22.7716993163,18.8668049275,11.7434283625
20.4686281442,12.672232604,11.4092803962,13.952627208,18.9375965592,19.0380627864,19.5936387539,11.9161287483,0.0,9.07826172404,11.9116540932,14.2943565776,12.5526601575
28.2120983903,15.9221893081,9.74103732104,17.037945902,24.9558217094,27.741771636,27.7155616724,18.9088249401,9.07826172404,0.0,14.4117788474,22.0243322803,21.369725273
29.1288952494,22.6887420319,17.948287609,11.5247089972,17.7879629861,22.1774291561,27.4670896356,22.7716993163,11.9116540932,14.4117788474,0.0,12.5498454676,17.1201092141
20.6313158077,21.4186205879,21.7219009069,13.0822682153,10.8958916442,10.3864534489,20.1324938864,18.8668049275,14.2943565776,22.0243322803,12.5498454676,0.0,10.0156390345
16.0889189169,19.7708253937,22.674084479,19.862618515,18.8805676234,11.5530120662,10.9047551471,11.7434283625,12.5526601575,21.369725273,17.1201092141,10.0156390345,0.0
