0.0,4.97920340845,6.43703633195,10.4132376445,10.0028494123,11.2691815032,10.3099513234,13.7348108569,15.3202267587,18.5307356932,21.2586074832,18.904006157,14.7815667121,21.7735745669,19.3996759251,20.1847357782,19.8598748182,19.6529226599,21.0300688561,20.3871323319,16.6160463065,14.7891706628,17.1907587813,16.1327365102,19.9223720988,18.4164403249,19.2133634852,13.0336908687,12.2625822124,8.97554098705,9.38692209038,9.12688246216,12.7158693992,11.2702686635
4.97920340845,0.0,3.80682123645,7.03645542147,12.2192183692,13.4633892886,14.0808480931,17.1830888193,19.6251639726,22.5896486732,25.6936484357,21.691015893,15.5227079367,23.0664687867,20.8544254927,22.6649411611,22.544374929,23.213042165,24.6112911174,24.6313735768,20.2241334949,17.3434652927,19.7036822939,17.4126789482,21.0373820518,18.2391748787,19.0804574334,11.9599657927,12.9838672196,10.0328522404,12.3741801171,12.591342607,16.79941428,15.8361625244
6.43703633195,3.80682123645,0.0,10.275804923,15.4856260434,16.4630293483,16.2974561058,19.3480044999,20.9588135372,24.2342879848,26.6966424225,24.4581859857,17.8700363466,25.1775975783,22.5514157212,24.5282731465,23.8425661026,24.668605779,25.5566559406,24.4136502774,20.0560762235,17.1402322588,20.036368706,17.9976254852,21.7132433677,18.5123823678,20.0759475618,10.832516401,12.044974771,8.7341855114,11.9831744094,11.5202848302,16.5172922624,15.552582531
10.4132376445,7.03645542147,10.275804923,0.0,11.5888786784,12.3924320386,15.3758413211,17.6696991333,21.7652671341,23.8470656958,28.0098866577,20.3622296228,13.1909266576,20.7067243527,19.4496759938,21.8811143823,22.7411614673,24.0653733683,26.0539892747,28.4548179616,23.5733962667,20.0886236003,21.3780151314,17.9278742406,20.8164554325,17.8715239312,17.4891104812,14.2109824873,16.0380236552,14.4836929215,16.4972427511,17.9775680645,21.0986346308,20.8011956789
10.0028494123,12.2192183692,15.4856260434,11.5888786784,0.0,3.88349646751,6.243072725,8.72768375691,13.0130923678,14.4320338149,19.0072038281,10.770351864,11.2241551972,17.0556325946,16.3218457811,15.7412146098,17.3011521276,16.2102079718,19.1045710387,22.1078746421,18.9065796716,17.7780849213,18.1790501855,17.1567489852,19.9531080471,20.3172588218,19.17392417,19.0825226353,17.9119697953,16.2583485774,14.7029985936,16.0333073386,16.4066533621,15.6139614843
11.2691815032,13.4633892886,16.4630293483,12.3924320386,3.88349646751,0.0,5.03717955998,6.06335812114,11.2490301645,12.2638070853,17.1618080375,8.32668612949,7.77317696974,13.2463889509,12.5048260629,12.0273274704,13.7300751675,13.2165423687,16.1404989298,20.3910850433,16.7542299512,15.3406984936,15.1556041534,14.0273909481,16.4910268774,17.4316825736,15.9703645532,17.6909870841,16.2053325628,15.3501294227,13.4144320332,15.5332084258,15.162208117,15.272303198
10.3099513234,14.0808480931,16.2974561058,15.3758413211,6.243072725,5.03717955998,0.0,3.82321378564,6.90695460989,8.97512301996,13.1018666048,9.21641930872,10.5950227668,15.0823336907,13.5240198461,11.9475228479,12.585866917,10.7809078602,13.3225723616,15.9599972435,13.0929182672,12.9847155467,13.2286566553,13.742761236,16.5652326663,18.160943106,17.4637086615,17.7185113681,15.151911031,13.952387501,10.7722104178,12.3002481963,11.0103169938,10.8095447473
13.7348108569,17.1830888193,19.3480044999,17.6696991333,8.72768375691,6.06335812114,3.82321378564,0.0,5.66613300616,6.30141923417,11.2092601215,6.53903746359,9.60802114279,12.2206074013,10.9917505311,8.44740308746,9.52151952475,7.49578265739,10.5276698236,15.268863847,12.4935795035,12.6401056307,11.7920568322,12.7287341384,14.8238508942,17.5323357532,16.3472143553,18.9328639338,16.0849278766,15.7631423678,12.1997621988,14.3494820854,11.864261962,12.6333927326
15.3202267587,19.6251639726,20.9588135372,21.7652671341,13.0130923678,11.2490301645,6.90695460989,5.66613300616,0.0,3.83017756395,6.29012620006,10.7314630409,14.2817615256,15.8948179905,14.0275166874,10.7637677576,10.1239780394,6.26076926858,7.99129967847,10.2043458542,9.2250257112,11.6731169248,11.2135953922,14.2166699177,16.3301061269,19.603464184,19.238776783,20.4309817947,16.6719533661,16.2315213238,11.6719201796,12.9283633335,8.75274254581,9.5579539945
18.5307356932,22.5896486732,24.2342879848,23.8470656958,14.4320338149,12.2638070853,8.97512301996,6.30141923417,3.83017756395,0.0,5.45123184015,8.89946502598,14.8521308431,14.779193048,13.6791867739,9.29791367038,9.4524069471,4.46060173884,7.16758347867,12.0569976669,11.6556968784,14.0670064361,12.6239788403,15.6102541517,16.9552835731,21.0025273012,20.0527757781,23.1299675707,19.4766239453,19.4713331005,15.0188318235,16.6254439928,12.2677987171,13.3322671061
21.2586074832,25.6936484357,26.6966424225,28.0098866577,19.0072038281,17.1618080375,13.1018666048,11.2092601215,6.29012620006,5.45123184015,0.0,14.2537810349,19.3757973993,18.9102594557,17.3372223259,13.1369361431,11.9371717721,7.13274357534,7.11299517023,8.45916974053,10.7595867199,14.8750067651,13.7555697952,18.0010594767,19.2198257534,23.5205302564,23.2143497744,25.286615228,21.1081694067,21.1387971418,16.3377215658,17.2231818195,11.977322078,13.1172137689
18.904006157,21.691015893,24.4581859857,20.3622296228,10.770351864,8.32668612949,9.21641930872,6.53903746359,10.7314630409,8.89946502598,14.2537810349,0.0,11.4631314266,11.5932261582,12.4646595728,9.07328011732,12.1026801825,10.0478117543,13.7308975641,20.4170008374,18.2671323652,18.3761555708,16.660877538,17.0219435563,18.0475365343,21.2453203509,19.005446249,24.0701080466,21.7540196463,21.7303730731,18.5591505617,20.8319530714,18.2624572218,18.9490970571
14.7815667121,15.5227079367,17.8700363466,13.1909266576,11.2241551972,7.77317696974,10.5950227668,9.60802114279,14.2817615256,14.8521308431,19.3757973993,11.4631314266,0.0,7.69514838988,6.52728521087,9.29014228559,10.709064593,13.2933780383,15.3352329901,21.3064120479,16.2925221046,13.1018066092,11.9744813144,8.82764621107,10.2703629822,10.9928559152,8.6383485082,14.4279290849,13.5100776368,14.5098419581,13.4838527167,16.8657071356,16.4869763793,18.1681224725
21.7735745669,23.0664687867,25.1775975783,20.7067243527,17.0556325946,13.2463889509,15.0823336907,12.2206074013,15.8948179905,14.779193048,18.9102594557,11.5932261582,7.69514838988,0.0,3.81259545044,5.80015636195,8.25147079676,11.8185797991,13.5611573748,22.0464087775,17.8284742976,15.6310608176,12.7036651162,10.9847505852,9.69661367696,13.3807235373,10.1371054095,19.9611358729,18.3410398246,20.2953594969,18.327105503,21.9066767427,19.8234967492,22.2607893362
19.3996759251,20.8544254927,22.5514157212,19.4496759938,16.3218457811,12.5048260629,13.5240198461,10.9917505311,14.0275166874,13.6791867739,17.3372223259,12.4646595728,6.52728521087,3.81259545044,0.0,5.27145037183,5.99334926847,10.4208080682,11.558680596,19.2172430196,14.5108703805,11.911001186,9.07531568521,7.24290531002,6.3246216781,10.3394663426,7.7343714676,16.7330246182,14.7622337026,16.9122104009,14.9207725552,18.581293949,16.6118611078,19.3006650787
20.1847357782,22.6649411611,24.5282731465,21.8811143823,15.7412146098,12.0273274704,11.9475228479,8.44740308746,10.7637677576,9.29791367038,13.1369361431,9.07328011732,9.29014228559,5.80015636195,5.27145037183,0.0,3.85412791208,6.03829847211,8.13988363756,16.9122061481,13.5897129474,12.9444909478,9.87152573137,10.597375905,10.2495512957,14.979871065,12.8699717247,20.2422146526,17.4627524446,18.9743954709,15.7903077177,18.9792453315,15.7727520234,18.190349209
19.8598748182,22.544374929,23.8425661026,22.7411614673,17.3011521276,13.7300751675,12.585866917,9.52151952475,10.1239780394,9.4524069471,11.9371717721,12.1026801825,10.709064593,8.25147079676,5.99334926847,3.85412791208,0.0,5.33132492012,5.60887346489,14.0166931773,10.4165096677,9.97736487073,6.54743276536,8.63569667375,8.30720767559,13.5235881911,12.2911752025,18.6779927216,15.3838927033,17.2232483991,13.8108669096,16.9779805978,13.4108294321,16.3622057569
19.6529226599,23.213042165,24.668605779,24.0653733683,16.2102079718,13.2165423687,10.7809078602,7.49578265739,6.26076926858,4.46060173884,7.13274357534,10.0478117543,13.2933780383,11.8185797991,10.4208080682,6.03829847211,5.33132492012,0.0,3.71945689767,11.8375556924,10.2605308732,11.9951088843,9.57532388047,12.7270405801,13.3486473966,18.0628966787,17.0221372766,21.5932568375,17.9039268527,18.7736755076,14.5248425038,16.8709611557,12.4223573523,14.6119591112
21.0300688561,24.6112911174,25.5566559406,26.0539892747,19.1045710387,16.1404989298,13.3225723616,10.5276698236,7.99129967847,7.16758347867,7.11299517023,13.7308975641,15.3352329901,13.5611573748,11.558680596,8.13988363756,5.60887346489,3.71945689767,0.0,9.56420990498,8.33641304803,10.7900755839,8.21520456715,12.4652763987,12.7707773879,17.7703942434,17.3054216967,21.4708440516,17.4432756683,18.705177719,14.385857501,16.618681912,11.7325441309,14.521486172
20.3871323319,24.6313735768,24.4136502774,28.4548179616,22.1078746421,20.3910850433,15.9599972435,15.268863847,10.2043458542,12.0569976669,8.45916974053,20.4170008374,21.3064120479,22.0464087775,19.2172430196,16.9122061481,14.0166931773,11.8375556924,9.56420990498,0.0,6.07005892643,11.3161869303,11.7557711567,16.6411168616,18.3088306587,21.629000655,22.7101253369,21.9607707931,17.4141703514,17.5811687253,13.0959810654,13.1508782759,7.91029510488,9.9331551794
16.6160463065,20.2241334949,20.0560762235,23.5733962667,18.9065796716,16.7542299512,13.0929182672,12.4935795035,9.2250257112,11.6556968784,10.7595867199,18.2671323652,16.2925221046,17.8284742976,14.5108703805,13.5897129474,10.4165096677,10.2605308732,8.33641304803,6.07005892643,0.0,5.25869688869,6.23939420898,10.7690235474,12.8698619778,15.6471458433,16.9185770955,16.2139526481,11.6794054422,12.444896581,8.12807988947,9.54757751545,4.90875954225,8.59377740179
14.7891706628,17.3434652927,17.1402322588,20.0886236003,17.7780849213,15.3406984936,12.9847155467,12.6401056307,11.6731169248,14.0670064361,14.8750067651,18.3761555708,13.1018066092,15.6310608176,11.911001186,12.9444909478,9.97736487073,11.9951088843,10.7900755839,11.3161869303,5.25869688869,0.0,3.83132988694,6.24319750545,9.04979083137,10.6074133809,12.3228051269,11.3969879678,7.0193945717,8.88751588652,5.8556136491,8.83751926232,7.10156284644,10.601164502
17.1907587813,19.7036822939,20.036368706,21.3780151314,18.1790501855,15.1556041534,13.2286566553,11.7920568322,11.2135953922,12.6239788403,13.7555697952,16.660877538,11.9744813144,12.7036651162,9.07531568521,9.87152573137,6.54743276536,9.57532388047,8.21520456715,11.7557711567,6.23939420898,3.83132988694,0.0,5.18563660103,6.6575273267,10.2841729283,11.0463715355,13.7707393803,9.87729109141,12.1478295623,9.06766537893,12.2689686246,9.50911946293,13.0829703259
16.1327365102,17.4126789482,17.9976254852,17.9278742406,17.1567489852,14.0273909481,13.742761236,12.7287341384,14.2166699177,15.6102541517,18.0010594767,17.0219435563,8.82764621107,10.9847505852,7.24290531002,10.597375905,8.63569667375,12.7270405801,12.4652763987,16.6411168616,10.7690235474,6.24319750545,5.18563660103,0.0,3.89866559816,5.5285485397,6.17033735021,10.4892767039,7.96569742601,10.8513979532,9.64422610028,13.3839782306,12.5819328781,15.6241212362
19.9223720988,21.0373820518,21.7132433677,20.8164554325,19.9531080471,16.4910268774,16.5652326663,14.8238508942,16.3301061269,16.9552835731,19.2198257534,18.0475365343,10.2703629822,9.69661367696,6.3246216781,10.2495512957,8.30720767559,13.3486473966,12.7707773879,18.3088306587,12.8698619778,9.04979083137,6.6575273267,3.89866559816,0.0,5.90541597501,5.45872050268,13.4380860677,11.3677388423,14.5848887961,13.3657305952,17.0481527939,15.6367561186,18.9289150876
18.4164403249,18.2391748787,18.5123823678,17.8715239312,20.3172588218,17.4316825736,18.160943106,17.5323357532,19.603464184,21.0025273012,23.5205302564,21.2453203509,10.9928559152,13.3807235373,10.3394663426,14.979871065,13.5235881911,18.0628966787,17.7703942434,21.629000655,15.6471458433,10.6074133809,10.2841729283,5.5285485397,5.90541597501,0.0,3.84816846315,8.95899277428,8.8104007934,12.24603391,13.1134677096,16.6150621227,17.148371575,19.9755582468
19.2133634852,19.0804574334,20.0759475618,17.4891104812,19.17392417,15.9703645532,17.4637086615,16.3472143553,19.238776783,20.0527757781,23.2143497744,19.005446249,8.6383485082,10.1371054095,7.7343714676,12.8699717247,12.2911752025,17.0221372766,17.3054216967,22.7101253369,16.9185770955,12.3228051269,11.0463715355,6.17033735021,5.45872050268,3.84816846315,0.0,11.7982740241,11.6130185389,14.5831352907,14.8375238415,18.550962702,18.5348052628,21.2730082587
13.0336908687,11.9599657927,10.832516401,14.2109824873,19.0825226353,17.6909870841,17.7185113681,18.9328639338,20.4309817947,23.1299675707,25.286615228,24.0701080466,14.4279290849,19.9611358729,16.7330246182,20.2422146526,18.6779927216,21.5932568375,21.4708440516,21.9607707931,16.2139526481,11.3969879678,13.7707393803,10.4892767039,13.4380860677,8.95899277428,11.7982740241,0.0,4.57706529228,5.93951954709,9.88999405557,11.9570374248,15.3072032095,16.876027652
12.2625822124,12.9838672196,12.044974771,16.0380236552,17.9119697953,16.2053325628,15.151911031,16.0849278766,16.6719533661,19.4766239453,21.1081694067,21.7540196463,13.5100776368,18.3410398246,14.7622337026,17.4627524446,15.3838927033,17.9039268527,17.4432756683,17.4141703514,11.6794054422,7.0193945717,9.87729109141,7.96569742601,11.3677388423,8.8104007934,11.6130185389,4.57706529228,0.0,3.90155431598,6.032718369,8.5935597279,11.0529189474,13.1304598173
8.97554098705,10.0328522404,8.7341855114,14.4836929215,16.2583485774,15.3501294227,13.952387501,15.7631423678,16.2315213238,19.4713331005,21.1387971418,21.7303730731,14.5098419581,20.2953594969,16.9122104009,18.9743954709,17.2232483991,18.7736755076,18.705177719,17.5811687253,12.444896581,8.88751588652,12.1478295623,10.8513979532,14.5848887961,12.24603391,14.5831352907,5.93951954709,3.90155431598,0.0,4.83590040861,6.10345611132,10.2005770846,11.1610295385
9.38692209038,12.3741801171,11.9831744094,16.4972427511,14.7029985936,13.4144320332,10.7722104178,12.1997621988,11.6719201796,15.0188318235,16.3377215658,18.5591505617,13.4838527167,18.327105503,14.9207725552,15.7903077177,13.8108669096,14.5248425038,14.385857501,13.0959810654,8.12807988947,5.8556136491,9.06766537893,9.64422610028,13.3657305952,13.1134677096,14.8375238415,9.88999405557,6.032718369,4.83590040861,0.0,3.80943284347,5.61863485199,7.24227152033
9.12688246216,12.591342607,11.5202848302,17.9775680645,16.0333073386,15.5332084258,12.3002481963,14.3494820854,12.9283633335,16.6254439928,17.2231818195,20.8319530714,16.8657071356,21.9066767427,18.581293949,18.9792453315,16.9779805978,16.8709611557,16.618681912,13.1508782759,9.54757751545,8.83751926232,12.2689686246,13.3839782306,17.0481527939,16.6150621227,18.550962702,11.9570374248,8.5935597279,6.10345611132,3.80943284347,0.0,5.53678756777,5.39213626876
12.7158693992,16.79941428,16.5172922624,21.0986346308,16.4066533621,15.162208117,11.0103169938,11.864261962,8.75274254581,12.2677987171,11.977322078,18.2624572218,16.4869763793,19.8234967492,16.6118611078,15.7727520234,13.4108294321,12.4223573523,11.7325441309,7.91029510488,4.90875954225,7.10156284644,9.50911946293,12.5819328781,15.6367561186,17.148371575,18.5348052628,15.3072032095,11.0529189474,10.2005770846,5.61863485199,5.53678756777,0.0,3.81634811219
11.2702686635,15.8361625244,15.552582531,20.8011956789,15.6139614843,15.272303198,10.8095447473,12.6333927326,9.5579539945,13.3322671061,13.1172137689,18.9490970571,18.1681224725,22.2607893362,19.3006650787,18.190349209,16.3622057569,14.6119591112,14.521486172,9.9331551794,8.59377740179,10.601164502,13.0829703259,15.6241212362,18.9289150876,19.9755582468,21.2730082587,16.876027652,13.1304598173,11.1610295385,7.24227152033,5.39213626876,3.81634811219,0.0
