0.0,16.0425072666,24.127402028,25.0051607761,21.7374122589,12.6003536858,12.3415051737,11.8117957344,20.6352949527,28.2603783786,28.8513952749,20.5602534702,15.7476483185
16.0425072666,0.0,9.31206011107,17.2583540916,20.3214985521,20.47181007,21.7529036919,11.9021112798,12.7131707668,15.8560841404,22.5881673382,21.5166817769,19.5925915307
24.127402028,9.31206011107,0.0,12.8619125885,19.9592130727,24.6094138814,27.9688136728,18.150249447,11.3846351645,9.87005228859,17.9560137113,21.6632362713,22.5758111393
25.0051607761,17.2583540916,12.8619125885,0.0,9.65124879961,18.8974845108,28.5269750637,22.1616878325,13.4507089504,16.4543125445,11.2841414431,13.0084150411,19.6486514954
21.7374122589,20.3214985521,19.9592130727,9.65124879961,0.0,12.9706927853,27.1002396627,23.4918845098,18.9909888901,24.7508102272,17.5765330489,10.9974914656,19.1039995281
12.6003536858,20.47181007,24.6094138814,18.8974845108,12.9706927853,0.0,16.1905848877,17.1984154861,19.1282542001,27.6845366055,21.9353200624,10.3805810216,11.4159308319
12.3415051737,21.7529036919,27.9688136728,28.5269750637,27.1002396627,16.1905848877,0.0,10.6157768435,19.693756455,27.7225911901,27.3494664848,20.4253525223,10.8394326274
11.8117957344,11.9021112798,18.150249447,22.1616878325,23.4918845098,17.1984154861,10.6157768435,0.0,11.9895659415,18.8156220797,22.6147299003,19.1672176726,11.7657233503
20.6352949527,12.7131707668,11.3846351645,13.4507089504,18.9909888901,19.1282542001,19.693756455,11.9895659415,0.0,8.97545348488,11.7197277162,14.5428619425,12.7434657472
28.2603783786,15.8560841404,9.87005228859,16.4543125445,24.7508102272,27.6845366055,27.7225911901,18.8156220797,8.97545348488,0.0,14.4574139043,22.1796181427,21.5356300196
28.8513952749,22.5881673382,17.9560137113,11.2841414431,17.5765330489,21.9353200624,27.3494664848,22.6147299003,11.7197277162,14.4574139043,0.0,12.404055174,17.1121007448
20.5602534702,21.5166817769,21.6632362713,13.0084150411,10.9974914656,10.3805810216,20.4253525223,19.1672176726,14.5428619425,22.1796181427,12.404055174,0.0,10.2994963364
15.7476483185,19.5925915307,22.5758111393,19.6486514954,19.1039995281,11.4159308319,10.8394326274,11.7657233503,12.7434657472,21.5356300196,17.1121007448,10.2994963364,0.0
