0.0,15.5027972459,23.9629604301,25.234644374,23.9886908741,13.6455526191,12.6586930542,11.3420235074,20.4888730623,27.9331993789,29.7312851761,21.4770235435,16.364490783
15.5027972459,0.0,9.36924392206,16.4213856462,21.4662320473,20.2975235236,22.4029558295,12.8927865099,12.8421454624,16.1261934888,22.1725794412,20.8731701944,19.7335402285
23.9629604301,9.36924392206,0.0,12.2008051472,21.084441244,24.7557322648,28.4369559194,18.8947161477,11.5939430677,10.3020584343,16.9694933566,20.9550956508,22.6534576901
25.234644374,16.4213856462,12.2008051472,0.0,10.3559661965,19.2675170629,28.644921678,22.5258838227,13.9570237239,17.0548235319,11.7386961685,12.8017048031,19.8138291949
23.9886908741,21.4662320473,21.084441244,10.3559661965,0.0,13.9209783292,27.8638283639,25.1376020242,20.3376416851,26.1920785476,18.2733331802,10.7066555491,19.5384846532
13.6455526191,20.2975235236,24.7557322648,19.2675170629,13.9209783292,0.0,15.6797058188,17.2071425241,19.39943641,28.0593639953,23.1843658532,10.9562865718,11.2700394065
12.6586930542,22.4029558295,28.4369559194,28.644921678,27.8638283639,15.6797058188,0.0,10.6266402101,19.7211843209,27.8670179315,28.0558543254,20.4040610929,10.7840108295
11.3420235074,12.8927865099,18.8947161477,22.5258838227,25.1376020242,17.2071425241,10.6266402101,0.0,12.0258854899,18.9544822127,23.0517983864,19.1667979901,11.7898534614
20.4888730623,12.8421454624,11.5939430677,13.9570237239,20.3376416851,19.39943641,19.7211843209,12.0258854899,0.0,9.03327618586,11.8293279712,14.3449210509,12.7888926368
27.9331993789,16.1261934888,10.3020584343,17.0548235319,26.1920785476,28.0593639953,27.8670179315,18.9544822127,9.03327618586,0.0,13.8113282979,21.9497383214,21.6394170899
29.7312851761,22.1725794412,16.9694933566,11.7386961685,18.2733331802,23.1843658532,28.0558543254,23.0517983864,11.8293279712,13.8113282979,0.0,13.1006901542,17.9814694088
21.4770235435,20.8731701944,20.9550956508,12.8017048031,10.7066555491,10.9562865718,20.4040610929,19.1667979901,14.3449210509,21.9497383214,13.1006901542,0.0,10.2718636791
16.364490783,19.7335402285,22.6534576901,19.8138291949,19.5384846532,11.2700394065,10.7840108295,11.7898534614,12.7888926368,21.6394170899,17.9814694088,10.2718636791,0.0
