0.0,16.0384657019,24.5387237806,25.786363882,21.705629066,13.1591575457,12.6236139462,11.3354459827,20.3019613357,28.163818402,29.406395224,20.7023781453,16.4301895153
16.0384657019,0.0,9.59519276662,18.0460625956,20.3965527065,20.7159030154,22.3448846782,12.4610252231,12.6312944413,15.9882944758,22.7893167256,21.3205593989,19.9490592566
24.5387237806,9.59519276662,0.0,14.1580139229,20.9103822265,25.2682691993,28.440869394,18.6537188884,11.4339256278,9.61202235348,17.9405615067,21.7805655424,22.7723578187
25.786363882,18.0460625956,14.1580139229,0.0,9.74205876795,19.1865018629,29.1677703708,23.0788776617,14.4545454656,17.6215792596,11.7652765514,13.1561213895,20.0765855347
21.705629066,20.3965527065,20.9103822265,9.74205876795,0.0,12.3916797905,26.4910042484,23.1240294099,18.8842042283,25.1608331915,17.9993929232,10.7942918228,18.6571357187
13.1591575457,20.7159030154,25.2682691993,19.1865018629,12.3916797905,0.0,15.9739530491,16.9322690689,18.9478713727,27.7990066665,22.4195382498,10.3923258762,11.6900933006
12.6236139462,22.3448846782,28.440869394,29.1677703708,26.4910042484,15.9739530491,0.0,10.5654723395,19.4935210527,27.7085321546,27.5847127863,19.8396352505,10.9700776668
11.3354459827,12.4610252231,18.6537188884,23.0788776617,23.1240294099,16.9322690689,10.5654723395,0.0,11.842691555,19.0020278004,22.9286687324,18.5663921824,11.7211333748
20.3019613357,12.6312944413,11.4339256278,14.4545454656,18.8842042283,18.9478713727,19.4935210527,11.842691555,0.0,9.18106996321,12.1035804701,14.0458512128,12.3618545678
28.163818402,15.9882944758,9.61202235348,17.6215792596,25.1608331915,27.7990066665,27.7085321546,19.0020278004,9.18106996321,0.0,14.3661437904,21.8690464178,21.2038205264
29.406395224,22.7893167256,17.9405615067,11.7652765514,17.9993929232,22.4195382498,27.5847127863,22.9286687324,12.1035804701,14.3661437904,0.0,12.6956357612,17.1281176834
20.7023781453,21.3205593989,21.7805655424,13.1561213895,10.7942918228,10.3923258762,19.8396352505,18.5663921824,14.0458512128,21.8690464178,12.6956357612,0.0,9.73178173272
16.4301895153,19.9490592566,22.7723578187,20.0765855347,18.6571357187,11.6900933006,10.9700776668,11.7211333748,12.3618545678,21.2038205264,17.1281176834,9.73178173272,0.0
