0.0,15.2591706922,23.660399899,25.2347548566,23.2333483133,12.6406225658,12.9645798928,11.2450628394,19.8346040055,27.511523203,29.545744533,20.5758146207,16.016506687
15.2591706922,0.0,9.4072571516,17.0190627011,21.0672996187,20.2185497831,22.3287215822,12.6015635269,12.4845897778,15.9670574608,22.6234422898,20.6204408897,19.7121339824
23.660399899,9.4072571516,0.0,12.4655934208,20.5457050766,24.8336261891,28.4539072981,18.816975766,11.485809231,10.2337353792,17.4893559852,20.8247495426,22.7572639266
25.2347548566,17.0190627011,12.4655934208,0.0,10.199659781,19.9530963481,29.1213254181,22.8416851504,13.7409098897,16.6421621974,11.4422000793,12.7825713139,20.2246848555
23.2333483133,21.0672996187,20.5457050766,10.199659781,0.0,14.667159456,28.3855552407,25.0137592951,19.7963387379,25.5686324925,18.3251256261,11.0368801428,20.1758008303
12.6406225658,20.2185497831,24.8336261891,19.9530963481,14.667159456,0.0,15.6873934187,16.8970394087,18.9864094902,27.7674289548,23.4760129213,10.9719715151,11.4057335701
12.9645798928,22.3287215822,28.4539072981,29.1213254181,28.3855552407,15.6873934187,0.0,10.6110227455,19.5242887675,27.5317377279,28.2868521701,20.4683492975,10.7015528074
11.2450628394,12.6015635269,18.816975766,22.8416851504,25.0137592951,16.8970394087,10.6110227455,0.0,11.9082576131,18.810443051,23.4571042921,18.9778010142,11.7376983506
19.8346040055,12.4845897778,11.485809231,13.7409098897,19.7963387379,18.9864094902,19.5242887675,11.9082576131,0.0,9.04240838357,12.307756794,13.9334496706,12.5952639878
27.511523203,15.9670574608,10.2337353792,16.6421621974,25.5686324925,27.7674289548,27.5317377279,18.810443051,9.04240838357,0.0,13.9786327172,21.5436763028,21.3117116014
29.545744533,22.6234422898,17.4893559852,11.4422000793,18.3251256261,23.4760129213,28.2868521701,23.4571042921,12.307756794,13.9786327172,0.0,13.2121687799,18.2336459174
20.5758146207,20.6204408897,20.8247495426,12.7825713139,11.0368801428,10.9719715151,20.4683492975,18.9778010142,13.9334496706,21.5436763028,13.2121687799,0.0,10.4877934151
16.016506687,19.7121339824,22.7572639266,20.2246848555,20.1758008303,11.4057335701,10.7015528074,11.7376983506,12.5952639878,21.3117116014,18.2336459174,10.4877934151,0.0
