0.0,4.98265234806,6.11139992532,10.4671573588,10.3010118075,11.7820597071,10.3949857544,13.8975068665,15.2146519182,18.4186037174,21.3079892174,19.1325566661,15.100779938,22.3039295186,19.8245218488,20.7325596156,20.3575497523,20.113058816,21.2915106117,20.7639328042,16.6085398962,14.6347217058,17.1238124965,16.0422682235,19.8624541021,18.2476373927,19.1610127845,12.8915485266,12.1529414264,8.8810835961,9.48366692576,9.21478429822,12.9894013112,11.7593913079
4.98265234806,0.0,3.80965182007,6.92501812321,12.222288957,13.7979685376,13.9805670865,17.2167760257,19.4689465483,22.4172209586,25.7249084498,21.8142918519,15.8217617007,23.43432591,21.1561311051,23.0830040004,22.9708057973,23.5794410002,24.8421335592,25.1023943687,20.3310131715,17.3996586531,19.6733285509,17.3752572993,21.0055007743,18.1288462023,18.9822709858,11.9122822838,12.9778762431,10.1394602676,12.529024675,12.9249809917,17.1740583024,16.4168965116
6.11139992532,3.80965182007,0.0,10.2359089517,15.4190943126,16.7399132545,16.0962022035,19.2959714607,20.6425351734,23.9197734294,26.5752869228,24.5142468831,18.18924281,25.5225620969,22.850257705,24.8905248935,24.2244037943,24.9797264597,25.725176395,24.7789333935,20.0948731914,17.2100051056,19.9937739035,17.9912113442,21.6895415936,18.4647552528,20.0301493874,10.8268203049,12.1041502169,8.83549463177,12.0187415968,11.7562968362,16.7646385447,15.9061175102
10.4671573588,6.92501812321,10.2359089517,0.0,11.585663044,12.6726915866,15.1792194488,17.6236554519,21.5583963663,23.6595340331,27.9607569564,20.5717088748,13.4196178071,20.9275106841,19.5350274921,22.1302868191,22.948059763,24.207454691,26.0686450228,28.694826124,23.453677754,19.9224563684,21.0950813814,17.6742675895,20.6184457408,17.5781268971,17.2062845954,13.9622776496,15.6816781276,14.305173051,16.3915296361,18.0442442539,21.2346746336,21.2269632218
10.3010118075,12.222288957,15.4190943126,11.585663044,0.0,3.96641725487,6.23081687274,8.75625450683,13.056133257,14.399092728,19.1278686231,10.7428653935,11.2608933609,17.5934495635,16.7049582985,16.2494724472,17.740127152,16.4884522391,19.2886772504,22.458349722,18.9320869587,17.6009816455,18.1398598472,17.0945334643,19.9979440527,20.2792174268,19.2272900455,19.2072256139,17.8989263058,16.3272033587,14.9515956403,16.162201444,16.691478019,16.176586482
11.7820597071,13.7979685376,16.7399132545,12.6726915866,3.96641725487,0.0,4.89982297051,5.90463730305,11.1308241842,12.0188834409,17.0863222769,8.13605000202,7.83601574092,13.7000490095,12.861887442,12.3623490383,14.0418679726,13.2608707423,16.1460163322,20.6252303163,16.761153879,15.2441177524,15.1274655188,14.0778949306,16.6160552308,17.5919205676,16.196308784,18.1415095432,16.3930950382,15.6344983505,13.7631853076,15.7392223306,15.4125900817,15.796494999
10.3949857544,13.9805670865,16.0962022035,15.1792194488,6.23081687274,4.89982297051,0.0,3.82920117605,6.95752652155,8.9238707238,13.2648468136,9.17371700559,10.3644641138,15.5251063812,13.8513751873,12.4239792488,13.0081602671,11.1387033979,13.5305938668,16.2912148378,13.0522522253,12.62657285,13.1331668446,13.5552355233,16.4828635238,17.9851821471,17.4140554984,17.7520078724,15.0630742055,13.8795453799,10.915929747,12.2125010391,11.1752977676,11.2205946266
13.8975068665,17.2167760257,19.2959714607,17.6236554519,8.75625450683,5.90463730305,3.82920117605,0.0,5.69310299933,6.21708427889,11.2780564219,6.54264715596,9.43187070823,12.7909349393,11.4586043351,8.99742907468,9.98493299024,7.75434874038,10.6695222414,15.4451377415,12.4352467045,12.3525834367,11.7897526191,12.7116224021,14.9244906836,17.5783409078,16.5389446184,19.1860262934,16.1327456776,15.8001421907,12.3725537415,14.2360155035,11.9082153347,12.8660065905
15.2146519182,19.4689465483,20.6425351734,21.5583963663,13.056133257,11.1308241842,6.95752652155,5.69310299933,0.0,3.77780762819,6.44088476723,10.7570632067,14.0007139417,16.3532052233,14.3724083757,11.2193834329,10.5028041522,6.74132090781,8.20008096029,10.1965415631,8.88831918121,11.0360955754,11.063682435,13.9862213083,16.2101161329,19.4014947083,19.2341960359,20.4018517664,16.5122352244,15.9909806837,11.5704209715,12.4337223047,8.4062776931,9.31341340011
18.4186037174,22.4172209586,23.9197734294,23.6595340331,14.399092728,12.0188834409,8.9238707238,6.21708427889,3.77780762819,0.0,5.45543678835,8.88739146191,14.5502423957,15.3301512739,14.0770339696,9.7716009458,9.78930888718,4.71310118147,7.23796932444,11.8162026018,11.2851467322,13.4742332573,12.5077573437,15.4571821885,16.9574282296,20.9188385988,20.1837478286,23.1726050563,19.3343236381,19.2409670824,14.8982029585,16.1099022359,11.849947266,12.9970999593
21.3079892174,25.7249084498,26.5752869228,27.9607569564,19.1278686231,17.0863222769,13.2648468136,11.2780564219,6.44088476723,5.45543678835,0.0,14.1785939204,19.1718261123,19.3522279828,17.7206620684,13.465249072,12.2275386231,7.40858855476,7.28467752167,8.16922588188,10.5543078626,14.4520668616,13.8300626952,17.9810215358,19.2652336068,23.5302977796,23.4088188708,25.4948206025,21.2022030482,21.1176626247,16.422583724,16.8769311899,11.6833277625,12.7904674592
19.1325566661,21.8142918519,24.5142468831,20.5717088748,10.7428653935,8.13605000202,9.17371700559,6.54264715596,10.7570632067,8.88739146191,14.1785939204,0.0,11.6668993769,12.7441039799,13.3247251814,9.89835825589,12.6900807203,10.0902914242,13.8322402273,20.4089822138,18.2411526313,18.2899138241,16.8742705809,17.3642485756,18.613134736,21.7514173425,19.7202800958,24.6052733924,21.9867328977,21.9134358328,18.807737525,20.7495911451,18.2559550692,19.0698043558
15.100779938,15.8217617007,18.18924281,13.4196178071,11.2608933609,7.83601574092,10.3644641138,9.43187070823,14.0007139417,14.5502423957,19.1718261123,11.6668993769,0.0,7.7217477351,6.4727501586,9.16059255982,10.6227578211,13.0546909969,15.0720331995,21.3248391856,16.1192720243,12.9613849909,11.6811333937,8.73846668181,10.2425783546,11.1390484861,8.83050534555,14.8975863426,13.5030268398,14.6278725969,13.4987027895,16.8694331998,16.4666956118,18.4318809365
22.3039295186,23.43432591,25.5225620969,20.9275106841,17.5934495635,13.7000490095,15.5251063812,12.7909349393,16.3532052233,15.3301512739,19.3522279828,12.7441039799,7.7217477351,0.0,3.74409042481,5.93547587423,8.30735155812,11.9784546779,13.6527662835,22.312492186,17.9398342344,15.6445094797,12.651910652,10.9937899357,9.68440318072,13.3719707576,10.2265013903,20.3083942906,18.3250891057,20.4354867496,18.5135457001,22.0376003272,20.0220261182,22.7567329725
19.8245218488,21.1561311051,22.850257705,19.5350274921,16.7049582985,12.861887442,13.8513751873,11.4586043351,14.3724083757,14.0770339696,17.7206620684,13.3247251814,6.4727501586,3.74409042481,0.0,5.40366158123,6.16540539175,10.6540549307,11.7205318502,19.5502371649,14.6853941927,12.0099609953,9.0899314224,7.30736298376,6.3307517983,10.3500302164,7.81999795418,17.1126341745,14.7956579738,17.0591051412,15.0948793529,18.7021281453,16.8173251242,19.7570874148
20.7325596156,23.0830040004,24.8905248935,22.1302868191,16.2494724472,12.3623490383,12.4239792488,8.99742907468,11.2193834329,9.7716009458,13.465249072,9.89835825589,9.16059255982,5.93547587423,5.40366158123,0.0,3.80018154065,6.06409795575,8.08144628194,17.0777942782,13.6483395109,12.8499906748,9.8371375684,10.6176336333,10.2292337467,15.0331110212,13.0455724638,20.6935141087,17.5981351945,19.2002091798,16.0672348947,19.0938890199,15.9303743089,18.6106205934
20.3575497523,22.9708057973,24.2244037943,22.948059763,17.740127152,14.0418679726,13.0081602671,9.98493299024,10.5028041522,9.78930888718,12.2275386231,12.6900807203,10.6227578211,8.30735155812,6.16540539175,3.80018154065,0.0,5.49302238316,5.62556919137,14.2243797751,10.5694555132,9.99589646775,6.66286100327,8.76567750462,8.32095995812,13.6361706259,12.508798876,19.2020045393,15.6314653363,17.5039742981,14.1158227649,17.1025088953,13.5736921311,16.7258519818
20.113058816,23.5794410002,24.9797264597,24.207454691,16.4884522391,13.2608707423,11.1387033979,7.75434874038,6.74132090781,4.71310118147,7.40858855476,10.0902914242,13.0546909969,11.9784546779,10.6540549307,6.06409795575,5.49302238316,0.0,3.76316815417,12.0873320365,10.4623610258,11.9426445579,9.78885540349,12.8524856053,13.4469304057,18.2166042553,17.2662741776,22.1336950528,18.2501424694,19.1091408473,14.9525951163,17.0202817397,12.6399725117,14.9697462735
21.2915106117,24.8421335592,25.725176395,26.0686450228,19.2886772504,16.1460163322,13.5305938668,10.6695222414,8.20008096029,7.23796932444,7.28467752167,13.8322402273,15.0720331995,13.6527662835,11.7205318502,8.08144628194,5.62556919137,3.76316815417,0.0,9.65811812469,8.4260862087,10.6393930167,8.38478658789,12.5193973202,12.7884625678,17.8424868965,17.4832245185,21.89006939,17.6855384486,18.8838194133,14.6077547577,16.5595512831,11.7102167641,14.5885102457
20.7639328042,25.1023943687,24.7789333935,28.694826124,22.458349722,20.6252303163,16.2912148378,15.4451377415,10.1965415631,11.8162026018,8.16922588188,20.4089822138,21.3248391856,22.312492186,19.5502371649,17.0777942782,14.2243797751,12.0873320365,9.65811812469,0.0,6.29049952872,11.3047684301,12.0430546659,16.8163973394,18.3534275179,21.7876443552,22.9585651846,22.5236028606,17.9732587676,18.0172446826,13.5640050449,13.2784629588,8.02285850258,9.87155988155
16.6085398962,20.3310131715,20.0948731914,23.453677754,18.9320869587,16.761153879,13.0522522253,12.4352467045,8.88831918121,11.2851467322,10.5543078626,18.2411526313,16.1192720243,17.9398342344,14.6853941927,13.6483395109,10.5694555132,10.4623610258,8.4260862087,6.29049952872,0.0,5.02061544302,6.34585367964,10.7494415346,12.7667085941,15.6160010849,16.9676363786,16.526593395,11.9500095489,12.5391409813,8.17689142505,9.29760787513,4.60953229117,8.32396258065
14.6347217058,17.3996586531,17.2100051056,19.9224563684,17.6009816455,15.2441177524,12.62657285,12.3525834367,11.0360955754,13.4742332573,14.4520668616,18.2899138241,12.9613849909,15.6445094797,12.0099609953,12.8499906748,9.99589646775,11.9426445579,10.6393930167,11.3047684301,5.02061544302,0.0,3.74042241134,6.32734392574,9.03237343926,10.7766775922,12.4731179755,11.9223749053,7.41242146207,8.97939512626,5.58539628032,8.49502410229,6.68466594641,10.2799614869
17.1238124965,19.6733285509,19.9937739035,21.0950813814,18.1398598472,15.1274655188,13.1331668446,11.7897526191,11.063682435,12.5077573437,13.8300626952,16.8742705809,11.6811333937,12.651910652,9.0899314224,9.8371375684,6.66286100327,9.78885540349,8.38478658789,12.0430546659,6.34585367964,3.74042241134,0.0,5.03562771319,6.45069063021,10.1412672729,10.9749105317,13.9741130015,9.8722454835,12.0525707783,8.89886015364,12.0192937509,9.37217887504,13.0528279971
16.0422682235,17.3752572993,17.9912113442,17.6742675895,17.0945334643,14.0778949306,13.5552355233,12.7116224021,13.9862213083,15.4571821885,17.9810215358,17.3642485756,8.73846668181,10.9937899357,7.30736298376,10.6176336333,8.76567750462,12.8524856053,12.5193973202,16.8163973394,10.7494415346,6.32734392574,5.03562771319,0.0,3.87450203961,5.56019716638,6.23137133819,10.7616298097,7.83156811115,10.7041784848,9.36183509094,13.1510081434,12.4473705693,15.6404437106
19.8624541021,21.0055007743,21.6895415936,20.6184457408,19.9979440527,16.6160552308,16.4828635238,14.9244906836,16.2101161329,16.9574282296,19.2652336068,18.613134736,10.2425783546,9.68440318072,6.3307517983,10.2292337467,8.32095995812,13.4469304057,12.7884625678,18.3534275179,12.7667085941,9.03237343926,6.45069063021,3.87450203961,0.0,5.91430880108,5.61446551774,13.5985916238,11.1083922099,14.3548174959,13.032401728,16.732887982,15.4014712141,18.8651148712
18.2476373927,18.1288462023,18.4647552528,17.5781268971,20.2792174268,17.5919205676,17.9851821471,17.5783409078,19.4014947083,20.9188385988,23.5302977796,21.7514173425,11.1390484861,13.3719707576,10.3500302164,15.0331110212,13.6361706259,18.2166042553,17.8424868965,21.7876443552,15.6160010849,10.7766775922,10.1412672729,5.56019716638,5.91430880108,0.0,3.79209638893,9.02755908108,8.420209385,11.9493526934,12.7128390916,16.3665558714,17.0066924205,19.9822750794
19.1610127845,18.9822709858,20.0301493874,17.2062845954,19.2272900455,16.196308784,17.4140554984,16.5389446184,19.2341960359,20.1837478286,23.4088188708,19.7202800958,8.83050534555,10.2265013903,7.81999795418,13.0455724638,12.508798876,17.2662741776,17.4832245185,22.9585651846,16.9676363786,12.4731179755,10.9749105317,6.23137133819,5.61446551774,3.79209638893,0.0,11.832128675,11.2515047912,14.3359848539,14.5684680028,18.3805241317,18.5004074078,21.4274788514
12.8915485266,11.9122822838,10.8268203049,13.9622776496,19.2072256139,18.1415095432,17.7520078724,19.1860262934,20.4018517664,23.1726050563,25.4948206025,24.6052733924,14.8975863426,20.3083942906,17.1126341745,20.6935141087,19.2020045393,22.1336950528,21.89006939,22.5236028606,16.526593395,11.9223749053,13.9741130015,10.7616298097,13.5985916238,9.02755908108,11.832128675,0.0,4.58718206093,5.88349033926,9.81457287258,12.1040738756,15.6008540643,17.2264037712
12.1529414264,12.9778762431,12.1041502169,15.6816781276,17.8989263058,16.3930950382,15.0630742055,16.1327456776,16.5122352244,19.3343236381,21.2022030482,21.9867328977,13.5030268398,18.3250891057,14.7956579738,17.5981351945,15.6314653363,18.2501424694,17.6855384486,17.9732587676,11.9500095489,7.41242146207,9.8722454835,7.83156811115,11.1083922099,8.420209385,11.2515047912,4.58718206093,0.0,3.88721570426,5.91705737478,8.77273892099,11.3425896166,13.4846766544
8.8810835961,10.1394602676,8.83549463177,14.305173051,16.3272033587,15.6344983505,13.8795453799,15.8001421907,15.9909806837,19.2409670824,21.1176626247,21.9134358328,14.6278725969,20.4354867496,17.0591051412,19.2002091798,17.5039742981,19.1091408473,18.8838194133,18.0172446826,12.5391409813,8.97939512626,12.0525707783,10.7041784848,14.3548174959,11.9493526934,14.3359848539,5.88349033926,3.88721570426,0.0,4.72455600591,6.30349918132,10.4514707625,11.5055577645
9.48366692576,12.529024675,12.0187415968,16.3915296361,14.9515956403,13.7631853076,10.915929747,12.3725537415,11.5704209715,14.8982029585,16.422583724,18.807737525,13.4987027895,18.5135457001,15.0948793529,16.0672348947,14.1158227649,14.9525951163,14.6077547577,13.5640050449,8.17689142505,5.58539628032,8.89886015364,9.36183509094,13.032401728,12.7128390916,14.5684680028,9.81457287258,5.91705737478,4.72455600591,0.0,3.84253811398,5.95355560326,7.69874710026
9.21478429822,12.9249809917,11.7562968362,18.0442442539,16.162201444,15.7392223306,12.2125010391,14.2360155035,12.4337223047,16.1099022359,16.8769311899,20.7495911451,16.8694331998,22.0376003272,18.7021281453,19.0938890199,17.1025088953,17.0202817397,16.5595512831,13.2784629588,9.29760787513,8.49502410229,12.0192937509,13.1510081434,16.732887982,16.3665558714,18.3805241317,12.1040738756,8.77273892099,6.30349918132,3.84253811398,0.0,5.52419633369,5.44195423793
12.9894013112,17.1740583024,16.7646385447,21.2346746336,16.691478019,15.4125900817,11.1752977676,11.9082153347,8.4062776931,11.849947266,11.6833277625,18.2559550692,16.4666956118,20.0220261182,16.8173251242,15.9303743089,13.5736921311,12.6399725117,11.7102167641,8.02285850258,4.60953229117,6.68466594641,9.37217887504,12.4473705693,15.4014712141,17.0066924205,18.5004074078,15.6008540643,11.3425896166,10.4514707625,5.95355560326,5.52419633369,0.0,3.86814214475
11.7593913079,16.4168965116,15.9061175102,21.2269632218,16.176586482,15.796494999,11.2205946266,12.8660065905,9.31341340011,12.9970999593,12.7904674592,19.0698043558,18.4318809365,22.7567329725,19.7570874148,18.6106205934,16.7258519818,14.9697462735,14.5885102457,9.87155988155,8.32396258065,10.2799614869,13.0528279971,15.6404437106,18.8651148712,19.9822750794,21.4274788514,17.2264037712,13.4846766544,11.5055577645,7.69874710026,5.44195423793,3.86814214475,0.0
