0.0,5.22162048542,6.49331381407,10.707105173,9.46084607985,10.6934012996,10.0888229944,13.3972164814,15.3110907751,18.2148513621,21.8088968232,19.0055985701,14.8109319342,20.0473810632,19.2450104167,19.3253609448,20.7047365408,19.6311544031,21.1270289983,20.0339135391,16.8807573258,15.4587463252,17.7699264028,17.4190598994,21.2448827037,20.3312289973,22.203241939,12.739989958,12.2816357108,9.80686135376,9.4594464687,10.2942787335,12.8763546339,10.8645593891
5.22162048542,0.0,3.8392049387,7.01736404609,11.7311699784,13.0155190699,14.2106433919,17.1949882912,19.977765114,22.5745235924,26.5320285079,22.0909891206,14.7801400378,21.5597967343,20.9687745524,22.2063572078,23.6525704652,23.4497419474,25.1050409074,24.7073266197,20.8784318836,18.372529849,20.5709376283,18.9000363283,22.793147106,20.7498322781,22.6525289106,11.8921451577,13.3816479272,11.2228473802,12.8347673576,13.9014253808,17.1998418524,15.6554115646
6.49331381407,3.8392049387,0.0,10.3701584812,14.8919832686,15.8150936883,16.2417810678,19.19036251,21.1367680019,24.1257476452,27.4506161473,24.6732824974,16.6782262834,23.6496784264,22.4853991145,23.8911493332,24.8014058491,24.9011620084,26.0540571997,24.4531062318,20.6948456205,18.1281518383,20.8644258644,19.2742450409,23.1915013557,20.8689708466,23.3281065985,10.3722982455,12.2901141932,9.50075582398,12.0908652372,12.4042724146,16.6881588626,15.1636937417
10.707105173,7.01736404609,10.3701584812,0.0,11.3679150023,12.5228713216,15.9981096371,18.2523641848,22.577315344,24.215587241,29.095147863,21.3199908035,13.0094229774,19.8960764887,20.3610694609,22.2570050069,24.3625829671,24.5750301092,26.9116480354,28.8362306811,24.4881631674,21.4325324852,22.5932291242,19.9767563823,23.490004251,21.1901899623,22.0934762015,15.1380728688,17.0117879207,16.2053517231,17.5756291749,19.6286811133,21.8243207696,20.8471218923
9.46084607985,11.7311699784,14.8919832686,11.3679150023,0.0,3.83593967969,6.0894395386,8.39504390026,12.9629717219,13.9735778524,19.2313504966,11.286657583,12.6030308571,14.8758107105,15.8482400315,14.7674134109,17.644774507,15.5169363641,18.4088686569,21.1797496033,18.2339817618,17.3625663538,17.7489321637,17.6860006861,20.7533958724,21.1127956908,21.3402402528,18.5074473463,17.1837121408,16.5319434027,14.5016894739,16.7504294442,16.2082710891,15.0584528942
10.6934012996,13.0155190699,15.8150936883,12.5228713216,3.83593967969,0.0,5.30214139723,6.09526620225,11.3879283126,12.0621048113,17.430548525,9.18075328448,9.61617221234,11.1665487223,12.0202416526,11.1791349966,14.0438301363,12.6181903357,15.5203575362,19.4381514177,15.8576149228,14.5959872833,14.4606297821,14.3143231974,17.1496956526,17.8512397177,17.8133319684,17.0998775018,15.2619731174,15.4088220237,13.1319847207,15.9901943223,14.733371627,14.5023725043
10.0888229944,14.2106433919,16.2417810678,15.9981096371,6.0894395386,5.30214139723,0.0,3.7642577653,6.95918500441,8.68760237904,13.4423633021,9.50711512234,13.450054425,13.9770026597,13.9399969378,11.4710390142,13.7386896326,10.7226648679,13.122258699,15.185591759,12.8243459483,13.2446646415,13.6728344591,15.2631852949,18.0600114333,19.548720693,20.0459789749,18.0306517949,15.2281958523,14.722070889,11.1454536588,13.2591407751,11.1650786934,10.3857605903
13.3972164814,17.1949882912,19.19036251,18.2523641848,8.39504390026,6.09526620225,3.7642577653,0.0,5.70465466221,6.01225195718,11.3539575321,6.62087970826,12.9139235348,11.3133012442,11.424003006,8.02249920746,10.5837796316,7.24844741703,10.116826369,14.3902474286,11.8700535574,12.4893613759,11.8948585788,13.9582075764,16.1076595108,18.4133054459,18.3555346663,19.2729569273,16.0056630788,16.3233482329,12.4866255565,15.0244452432,11.7938152507,12.0955554843
15.3110907751,19.977765114,21.1367680019,22.577315344,12.9629717219,11.3879283126,6.95918500441,5.70465466221,0.0,3.84926008228,6.6431755451,10.4854281572,17.3067381828,15.40151099,14.5105754629,10.3355558817,11.3278865462,6.78146225911,7.85787712554,9.30509415028,8.89138277972,11.9071428834,11.8364686809,15.6326905672,17.4233024238,20.4108381305,20.8818222124,20.9476389597,16.9012207355,16.8525881599,12.1346006545,13.6432892727,9.09537259927,9.50282807746
18.2148513621,22.5745235924,24.1257476452,24.215587241,13.9735778524,12.0621048113,8.68760237904,6.01225195718,3.84926008228,0.0,5.76654851182,8.01602455852,17.9169281365,14.2307274615,13.9885033305,8.85573682893,10.3972224683,4.61793488393,6.74349543615,11.5097823015,11.2486146545,14.0204684982,12.9082669702,16.668409554,17.830450285,21.3633624778,21.1438985298,23.5520215971,19.5436525257,19.9692172168,15.4134927474,17.2831324651,12.5916525591,13.3354928761
21.8088968232,26.5320285079,27.4506161473,29.095147863,19.2313504966,17.430548525,13.4423633021,11.3539575321,6.6431755451,5.76654851182,0.0,13.4602442712,22.3748952146,18.5305674392,17.5161646356,12.519433512,12.4351354112,7.53380374999,6.56700575923,8.28563560705,10.7632614724,15.1646628511,14.2656296248,19.0745170815,19.6669234859,23.7342411286,23.8357252087,26.193729897,21.6941323852,22.0684763066,17.2468721558,18.3153132946,12.9722497829,14.116382333
19.0055985701,22.0909891206,24.6732824974,21.3199908035,11.286657583,9.18075328448,9.50711512234,6.62087970826,10.4854281572,8.01602455852,13.4602442712,0.0,15.1873197727,10.4833272498,12.4459806899,8.32497981013,11.9273737538,8.38235590313,12.0821111242,19.0895349714,17.0937741458,17.6738535331,15.885660599,17.546403571,18.6953360143,21.5148339402,20.2666525981,24.5802247381,21.6049262401,22.4288671278,18.8890807758,21.60616348,18.0869940656,18.5910566398
14.8109319342,14.7801400378,16.6782262834,13.0094229774,12.6030308571,9.61617221234,13.450054425,12.9139235348,17.3067381828,17.9169281365,22.3748952146,15.1873197727,0.0,8.35576541236,8.00721180639,11.9059773846,13.2583373757,15.9054809948,17.7859774802,22.6116299724,17.0945347727,13.0901028934,12.3945073608,8.82318601791,11.399153919,10.0979780921,9.73092363475,12.7563561027,12.0150828954,14.1504224718,14.0565346966,17.6725362792,17.2424949466,18.6069129167
20.0473810632,21.5597967343,23.6496784264,19.8960764887,14.8758107105,11.1665487223,13.9770026597,11.3133012442,15.40151099,14.2307274615,18.5305674392,10.4833272498,8.35576541236,0.0,3.85583400726,6.10454217536,8.26633787254,11.0362148825,13.3134515493,21.1994916449,16.5992941055,14.295159237,11.5792292539,10.4856818651,10.7282697976,12.9057993089,10.6052858265,19.711710642,17.3163456669,19.7117597113,17.7312861647,21.337593645,18.6517756237,20.5978361008
19.2450104167,20.9687745524,22.4853991145,20.3610694609,15.8482400315,12.0202416526,13.9399969378,11.424003006,14.5105754629,13.9885033305,17.5161646356,12.4459806899,8.00721180639,3.85583400726,0.0,5.62851914529,6.04134481004,10.3624577407,11.7097296349,18.8402119732,13.7452252595,10.9477870823,8.06300962462,6.88994933025,7.00409411499,9.7283353883,7.91485005092,17.3112055958,14.4683533635,17.2105799531,15.2841788226,18.878530574,16.1706752499,18.6105922418
19.3253609448,22.2063572078,23.8911493332,22.2570050069,14.7674134109,11.1791349966,11.4710390142,8.02249920746,10.3355558817,8.85573682893,12.519433512,8.32497981013,11.9059773846,6.10454217536,5.62851914529,0.0,3.80831859552,5.02856854669,7.29551745803,15.7158808002,12.0308811329,11.5618405912,8.6529100828,10.5790893434,10.8042526959,14.5451059799,13.251965036,20.4024926724,16.8150264779,18.7872367779,15.5075401982,18.6866334649,14.7650905872,16.907298123
20.7047365408,23.6525704652,24.8014058491,24.3625829671,17.644774507,14.0438301363,13.7386896326,10.5837796316,11.3278865462,10.3972224683,12.4351354112,11.9273737538,13.2583373757,8.26633787254,6.04134481004,3.80831859552,0.0,5.99434993629,6.06648505571,14.2305101005,10.2383479592,9.75457947478,6.23685804628,9.11484908303,8.45144740678,13.0201624878,12.0085441518,19.984941577,16.0032351119,18.3558512908,15.1332050305,18.1633352369,13.9855812066,16.8212517552
19.6311544031,23.4497419474,24.9011620084,24.5750301092,15.5169363641,12.6181903357,10.7226648679,7.24844741703,6.78146225911,4.61793488393,7.53380374999,8.38235590313,15.9054809948,11.0362148825,10.3624577407,5.02856854669,5.99434993629,0.0,3.70810406317,12.1130928107,10.2660836785,12.0872589925,9.88147773376,13.6096660909,14.030620655,18.0905081029,17.4489074595,22.4466549345,18.3218015364,19.6178795526,15.433889732,17.9080226084,13.0972197229,14.9660443091
21.1270289983,25.1050409074,26.0540571997,26.9116480354,18.4088686569,15.5203575362,13.122258699,10.116826369,7.85787712554,6.74349543615,6.56700575923,12.0821111242,17.7859774802,13.3134515493,11.7097296349,7.29551745803,6.06648505571,3.70810406317,0.0,9.71358724582,8.36593141672,11.0831042003,8.89205676547,13.5540770171,13.4927807215,17.9650587391,17.6782506124,22.7062283429,18.2045615945,19.6364850645,15.3625421487,17.4856576549,12.2570044021,14.7295705856
20.0339135391,24.7073266197,24.4531062318,28.8362306811,21.1797496033,19.4381514177,15.185591759,14.3902474286,9.30509415028,11.5097823015,8.28563560705,19.0895349714,22.6116299724,21.1994916449,18.8402119732,15.7158808002,14.2305101005,12.1130928107,9.71358724582,0.0,6.11217383944,11.4313962774,12.3168152686,17.2616764031,18.289212984,21.5691219781,22.9360589279,22.2012889967,17.5129508272,17.5323673367,13.0248636271,12.9572306244,7.87313054958,9.82014773408
16.8807573258,20.8784318836,20.6948456205,24.4881631674,18.2339817618,15.8576149228,12.8243459483,11.8700535574,8.89138277972,11.2486146545,10.7632614724,17.0937741458,17.0945347727,16.5992941055,13.7452252595,12.0308811329,10.2383479592,10.2660836785,8.36593141672,6.11217383944,0.0,5.349956002,6.57419940113,11.2269519823,12.6292883157,15.5269362122,17.0800791398,16.8676289932,12.0586113813,12.9209801092,8.71638914911,10.0798795408,5.09368602295,8.68227888763
15.4587463252,18.372529849,18.1281518383,21.4325324852,17.3625663538,14.5959872833,13.2446646415,12.4893613759,11.9071428834,14.0204684982,15.1646628511,17.6738535331,13.0901028934,14.295159237,10.9477870823,11.5618405912,9.75457947478,12.0872589925,11.0831042003,11.4313962774,5.349956002,0.0,3.81352900262,6.44042532044,8.68194821134,10.4760790436,12.5481245109,12.3724469238,7.62024243721,9.71891601866,6.97914670021,9.66814070947,7.13243418148,10.5676001182
17.7699264028,20.5709376283,20.8644258644,22.5932291242,17.7489321637,14.4606297821,13.6728344591,11.8948585788,11.8364686809,12.9082669702,14.2656296248,15.885660599,12.3945073608,11.5792292539,8.06300962462,8.6529100828,6.23685804628,9.88147773376,8.89205676547,12.3168152686,6.57419940113,3.81352900262,0.0,5.28190052198,6.18968757383,9.66552438595,10.6227072687,14.8955560921,10.5082939405,13.0579677106,10.3186572444,13.2495442939,9.92018819943,13.3137354065
17.4190598994,18.9000363283,19.2742450409,19.9767563823,17.6860006861,14.3143231974,15.2631852949,13.9582075764,15.6326905672,16.668409554,19.0745170815,17.546403571,8.82318601791,10.4856818651,6.88994933025,10.5790893434,9.11484908303,13.6096660909,13.5540770171,17.2616764031,11.2269519823,6.44042532044,5.28190052198,0.0,3.92990060573,4.78826957909,6.23063444942,11.9017636503,8.71196193834,12.1239187332,11.2660662943,14.6594287933,13.1275441927,16.0401213801
21.2448827037,22.793147106,23.1915013557,23.490004251,20.7533958724,17.1496956526,18.0600114333,16.1076595108,17.4233024238,17.830450285,19.6669234859,18.6953360143,11.399153919,10.7282697976,7.00409411499,10.8042526959,8.45144740678,14.030620655,13.4927807215,18.289212984,12.6292883157,8.68194821134,6.18968757383,3.92990060573,0.0,5.21219161889,5.04451867737,15.3504257063,12.2349503914,15.7543481543,14.6830463151,17.879351367,15.6681240871,18.9386977208
20.3312289973,20.7498322781,20.8689708466,21.1901899623,21.1127956908,17.8512397177,19.548720693,18.4133054459,20.4108381305,21.3633624778,23.7342411286,21.5148339402,10.0979780921,12.9057993089,9.7283353883,14.5451059799,13.0201624878,18.0905081029,17.9650587391,21.5691219781,15.5269362122,10.4760790436,9.66552438595,4.78826957909,5.21219161889,0.0,3.86814570196,11.9618043726,10.3289044339,14.0970158385,14.6957478867,17.8657331032,17.2541315487,20.1109560026
22.203241939,22.6525289106,23.3281065985,22.0934762015,21.3402402528,17.8133319684,20.0459789749,18.3555346663,20.8818222124,21.1438985298,23.8357252087,20.2666525981,9.73092363475,10.6052858265,7.91485005092,13.251965036,12.0085441518,17.4489074595,17.6782506124,22.9360589279,17.0800791398,12.5481245109,10.6227072687,6.23063444942,5.04451867737,3.86814570196,0.0,15.2203072614,13.5771740358,17.2192860363,17.2365864224,20.6492306885,19.351791597,22.2115628605
12.739989958,11.8921451577,10.3722982455,15.1380728688,18.5074473463,17.0998775018,18.0306517949,19.2729569273,20.9476389597,23.5520215971,26.193729897,24.5802247381,12.7563561027,19.711710642,17.3112055958,20.4024926724,19.984941577,22.4466549345,22.7062283429,22.2012889967,16.8676289932,12.3724469238,14.8955560921,11.9017636503,15.3504257063,11.9618043726,15.2203072614,0.0,4.84237863555,5.602276981,9.88730262815,11.6549242576,14.8885663101,15.8559897892
12.2816357108,13.3816479272,12.2901141932,17.0117879207,17.1837121408,15.2619731174,15.2281958523,16.0056630788,16.9012207355,19.5436525257,21.6941323852,21.6049262401,12.0150828954,17.3163456669,14.4683533635,16.8150264779,16.0032351119,18.3218015364,18.2045615945,17.5129508272,12.0586113813,7.62024243721,10.5082939405,8.71196193834,12.2349503914,10.3289044339,13.5771740358,4.84237863555,0.0,3.81201210685,6.09123346683,8.50692327114,10.5475190967,12.2474591102
9.80686135376,11.2228473802,9.50075582398,16.2053517231,16.5319434027,15.4088220237,14.722070889,16.3233482329,16.8525881599,19.9692172168,22.0684763066,22.4288671278,14.1504224718,19.7117597113,17.2105799531,18.7872367779,18.3558512908,19.6178795526,19.6364850645,17.5323673367,12.9209801092,9.71891601866,13.0579677106,12.1239187332,15.7543481543,14.0970158385,17.2192860363,5.602276981,3.81201210685,0.0,4.89160634424,6.06786655261,9.88465292761,10.4462301328
9.4594464687,12.8347673576,12.0908652372,17.5756291749,14.5016894739,13.1319847207,11.1454536588,12.4866255565,12.1346006545,15.4134927474,17.2468721558,18.8890807758,14.0565346966,17.7312861647,15.2841788226,15.5075401982,15.1332050305,15.433889732,15.3625421487,13.0248636271,8.71638914911,6.97914670021,10.3186572444,11.2660662943,14.6830463151,14.6957478867,17.2365864224,9.88730262815,6.09123346683,4.89160634424,0.0,3.71712107052,5.24910926177,6.19238964024
10.2942787335,13.9014253808,12.4042724146,19.6286811133,16.7504294442,15.9901943223,13.2591407751,15.0244452432,13.6432892727,17.2831324651,18.3153132946,21.60616348,17.6725362792,21.337593645,18.878530574,18.6866334649,18.1633352369,17.9080226084,17.4856576549,12.9572306244,10.0798795408,9.66814070947,13.2495442939,14.6594287933,17.879351367,17.8657331032,20.6492306885,11.6549242576,8.50692327114,6.06786655261,3.71712107052,0.0,5.53063222326,5.13800716042
12.8763546339,17.1998418524,16.6881588626,21.8243207696,16.2082710891,14.733371627,11.1650786934,11.7938152507,9.09537259927,12.5916525591,12.9722497829,18.0869940656,17.2424949466,18.6517756237,16.1706752499,14.7650905872,13.9855812066,13.0972197229,12.2570044021,7.87313054958,5.09368602295,7.13243418148,9.92018819943,13.1275441927,15.6681240871,17.2541315487,19.351791597,14.8885663101,10.5475190967,9.88465292761,5.24910926177,5.53063222326,0.0,3.82848412206
10.8645593891,15.6554115646,15.1636937417,20.8471218923,15.0584528942,14.5023725043,10.3857605903,12.0955554843,9.50282807746,13.3354928761,14.116382333,18.5910566398,18.6069129167,20.5978361008,18.6105922418,16.907298123,16.8212517552,14.9660443091,14.7295705856,9.82014773408,8.68227888763,10.5676001182,13.3137354065,16.0401213801,18.9386977208,20.1109560026,22.2115628605,15.8559897892,12.2474591102,10.4462301328,6.19238964024,5.13800716042,3.82848412206,0.0
