0.0,125.101922423,43.5421656758,140.168595732,53.3990063274,162.533052961,174.480761367,19.8706117296,135.487566565,31.3831756135,136.628413062,46.9665322426,153.946426005
125.101922423,0.0,165.636567977,31.0207077195,138.484462328,57.9408498991,54.700686704,144.031750726,11.1921648325,144.616633485,16.2573921398,136.129549706,60.915410943
43.5421656758,165.636567977,0.0,162.488806996,31.2439900185,135.93905573,137.681505289,27.0216490359,168.044332603,21.0271659543,177.533350492,31.7057244668,133.402651321
140.168595732,31.0207077195,162.488806996,0.0,162.987123937,33.02569609,36.3665499338,148.695239967,28.8696250178,171.392327409,15.1609418724,165.112897373,32.6630574413
53.3990063274,138.484462328,31.2439900185,162.987123937,0.0,138.326193184,131.098364061,48.0941896444,136.806885905,23.2471157458,151.189761656,7.43117751508,142.500190088
162.533052961,57.9408498991,135.93905573,33.02569609,138.326193184,0.0,12.0277539538,149.719850305,49.8339788449,155.069554991,42.8473237013,145.600535896,8.5907088484
174.480761367,54.700686704,137.681505289,36.3665499338,131.098364061,12.0277539538,0.0,158.409135005,44.9253780205,152.226242862,41.8125705326,137.778821824,20.6165230285
19.8706117296,144.031750726,27.0216490359,148.695239967,48.0941896444,149.719850305,158.409135005,0.0,154.907952715,25.4135100241,152.26947796,43.9709137255,142.564967602
135.487566565,11.1921648325,168.044332603,28.8696250178,136.806885905,49.8339788449,44.9253780205,154.907952715,0.0,149.633325469,14.4076864126,136.53804966,54.1796730439
31.3831756135,144.616633485,21.0271659543,171.392327409,23.2471157458,155.069554991,152.226242862,25.4135100241,149.633325469,0.0,160.784565515,18.5582011259,154.147219906
136.628413062,16.2573921398,177.533350492,15.1609418724,151.189761656,42.8473237013,41.8125705326,152.26947796,14.4076864126,160.784565515,0.0,150.750061398,44.9706587596
46.9665322426,136.129549706,31.7057244668,165.112897373,7.43117751508,145.600535896,137.778821824,43.9709137255,136.53804966,18.5582011259,150.750061398,0.0,149.93016549
153.946426005,60.915410943,133.402651321,32.6630574413,142.500190088,8.5907088484,20.6165230285,142.564967602,54.1796730439,154.147219906,44.9706587596,149.93016549,0.0
